SIMULATIONS_PASS
3 0.04 16 base 0.10644374995754248
3 0.02 16 base 0.062381666712033025
3 0.01 16 base 0.03439453259354266
3 0.02 32 spatial-fine 0.06238166554998955
3 0.02 16 time-tight 0.06238165743076284
5 0.04 16 base 0.08196595631248788
5 0.02 16 base 0.0464265912083768
5 0.01 16 base 0.025050520176729093
5 0.02 32 spatial-fine 0.04642659516136499
5 0.02 16 time-tight 0.04642657849953785
8 0.04 16 base 0.07710591200749728
8 0.02 16 base 0.043378580676845975
8 0.01 16 base 0.02332485471580723
8 0.02 32 spatial-fine 0.043378585181803486
8 0.02 16 time-tight 0.04337856719322998
