SIMULATIONS_PASS
3 0.04 16 base 0.10644374995720825
3 0.02 16 base 0.06238166670118667
3 0.01 16 base 0.03439453259115721
3 0.02 32 spatial-fine 0.06238166556192478
3 0.02 16 time-tight 0.06238165743075166
5 0.04 16 base 0.08196595301824908
5 0.02 16 base 0.04642659052577573
5 0.01 16 base 0.025050520174293923
5 0.02 32 spatial-fine 0.046426597470511435
5 0.02 16 time-tight 0.04642657847869556
8 0.04 16 base 0.0771059142582714
8 0.02 16 base 0.043378581322886134
8 0.01 16 base 0.02332485379576776
8 0.02 32 spatial-fine 0.04337858307485395
8 0.02 16 time-tight 0.04337856692008837
