rooted_solutions 7016
orderly_terminal_matrices 7016
equivalence_classes 625
canonical_upper 1 -16 1 1 1 1 3 3 3 3 -8 -1 7 11 -7 -3 -1 1 8 3 -1 9 -7 -3 -9 8 -9 -9 1 -3 1 8 -3 -1 -3 -3 -4 5 5 1 12 -7 -3 -4 13 -4
canonical_upper 2 -16 1 1 1 1 3 3 3 3 -8 -1 7 11 -7 -3 -1 1 12 -3 1 3 -3 1 -11 12 -7 1 -5 -3 -3 4 -7 1 -7 3 0 11 -7 3 -8 -3 7 12 5 -8
canonical_upper 3 -16 1 1 1 1 3 3 3 3 -8 -1 9 9 -5 -5 -3 3 12 -5 3 -5 1 3 -9 8 -3 1 -5 3 -9 0 -1 -1 -13 5 4 13 -5 -5 -8 1 1 4 7 4
canonical_upper 4 -16 1 1 1 1 3 3 3 3 -8 1 3 13 -5 -5 -1 1 0 11 -3 -3 7 -5 -9 -4 -1 7 -7 -5 -5 0 -9 -5 1 3 4 -7 3 7 8 1 5 12 -9 4
canonical_upper 5 -16 1 1 1 1 3 3 3 3 -8 1 5 11 -9 -1 -1 1 0 9 -1 7 -9 1 -9 0 -5 -3 -5 -9 7 4 -5 5 -1 -9 4 9 -1 -5 0 -7 5 12 3 4
canonical_upper 6 -16 1 1 1 1 3 3 3 3 -8 1 5 11 -7 -5 -1 3 8 5 -5 7 -7 -9 -1 -8 7 -1 3 -1 -11 -4 -9 -1 1 -1 -4 3 9 -1 12 -7 -1 8 -3 12
canonical_upper 7 -16 1 1 1 1 3 3 3 3 -8 1 7 9 -9 -3 -1 3 8 -5 5 1 -1 3 -13 4 3 3 3 -13 -3 -8 -5 -9 1 3 12 -5 -1 1 12 3 -3 -4 9 0
canonical_upper 8 -16 1 1 1 1 3 3 3 3 -8 3 5 9 -9 -5 1 3 8 -7 5 7 -7 -5 -5 12 -1 3 -3 -7 -3 -4 -11 5 1 -5 4 3 -1 1 8 5 -9 -8 11 4
canonical_upper 9 -16 1 1 1 1 3 3 3 3 -8 3 7 7 -9 -3 -3 5 4 -3 5 -3 -5 9 -11 4 1 -3 9 -9 -7 -4 5 -11 -7 3 12 1 -3 -3 0 7 -1 0 3 8
canonical_upper 10 -16 1 1 1 1 3 3 3 3 -8 3 7 7 -7 -7 -1 5 0 3 3 -7 11 -7 -7 -8 7 -1 -7 5 -7 -8 5 -7 -7 -1 12 1 -3 -3 4 1 1 12 -3 12
canonical_upper 11 -16 1 1 1 1 3 3 3 3 -4 -5 5 13 -7 -3 -1 1 8 7 -1 5 1 -7 -9 4 -7 -9 -7 1 5 4 1 -1 -3 -7 0 -1 11 -3 8 -9 9 0 5 -4
canonical_upper 12 -16 1 1 1 1 3 3 3 3 -4 -5 5 13 -7 -3 -1 1 12 1 1 1 -1 1 -11 8 -5 -1 3 -13 1 0 -3 -9 3 -1 8 -9 -1 9 4 9 3 -4 3 -8
canonical_upper 13 -16 1 1 1 1 3 3 3 3 -4 -3 7 9 -11 -3 1 3 8 5 -1 5 -9 3 -9 4 -7 -3 -1 -11 5 8 -1 3 -3 -9 0 11 -3 -1 -4 -5 5 8 7 -4
canonical_upper 14 -16 1 1 1 1 3 3 3 3 -4 -3 7 9 -11 -3 1 3 8 9 -5 1 3 -9 -5 -4 -3 -3 -11 3 1 8 3 1 -5 -9 8 -3 7 -5 8 -5 7 -4 9 -4
canonical_upper 15 -16 1 1 1 1 3 3 3 3 -4 -1 -1 15 -7 -1 -1 -1 8 5 -3 -1 -13 -1 5 8 -3 -1 5 -1 -13 0 -1 -1 -7 -1 8 5 -11 5 -4 7 -1 4 7 -4
canonical_upper 16 -16 1 1 1 1 3 3 3 3 -4 -1 -1 15 -5 -5 -1 1 8 5 -3 -11 7 -1 -5 8 -3 7 -11 -1 -5 0 -1 -1 -7 -1 4 7 -5 1 4 -5 1 4 13 -8
canonical_upper 17 -16 1 1 1 1 3 3 3 3 -4 -1 1 13 -7 -5 -3 5 12 5 -7 -5 1 -7 1 0 3 7 -9 3 -11 0 -5 3 -3 -5 -4 1 11 -1 12 -1 -5 -8 5 8
canonical_upper 18 -16 1 1 1 1 3 3 3 3 -4 -1 7 7 -13 -1 1 3 8 1 1 5 -13 -5 3 8 -7 -1 -1 3 -11 8 -1 5 -9 -5 4 7 1 -5 -4 5 -1 -8 9 4
canonical_upper 19 -16 1 1 1 1 3 3 3 3 -4 -1 7 7 -9 -7 -1 7 0 1 9 1 7 -9 -9 8 -7 -5 -1 5 -9 0 3 -9 -5 1 4 -3 11 -5 8 -3 5 -4 3 4
canonical_upper 20 -16 1 1 1 1 3 3 3 3 -4 1 5 7 -13 -3 1 5 12 -3 -1 -3 3 1 -11 12 -5 1 1 -9 -3 8 5 -11 -3 -1 8 3 -1 -3 -8 7 5 -8 9 -4
canonical_upper 21 -16 1 1 1 1 3 3 3 3 -4 3 3 7 -9 -5 -5 9 -4 7 3 -5 -5 9 -9 -4 3 9 -9 -5 -5 -4 -5 9 -9 -5 8 1 -3 1 8 1 -3 8 1 8
canonical_upper 22 -16 1 1 1 1 3 3 3 3 -4 3 5 5 -11 -7 1 7 0 3 3 -7 11 -7 -7 -4 5 1 -7 7 -11 -4 7 -7 -11 1 8 1 -1 -1 4 1 1 8 -1 8
canonical_upper 23 -16 1 1 1 1 3 3 3 3 -4 3 5 5 -9 -7 -3 9 0 3 3 -7 11 -7 -7 -4 5 -3 -7 9 -9 -4 9 -7 -9 -3 8 1 -1 -1 4 1 1 8 -1 8
canonical_upper 24 -16 1 1 1 1 3 3 3 3 0 -9 9 9 -7 -1 -1 -1 12 3 3 -1 -7 -1 -1 0 -3 -1 -1 -13 5 0 -1 -1 5 -13 4 13 -5 -5 -8 1 1 4 7 4
canonical_upper 25 -16 1 1 1 1 3 3 3 3 0 -9 9 9 -7 -1 -1 -1 12 3 3 -1 -5 -5 1 0 -3 -1 -11 7 -5 0 -1 7 -11 -5 4 7 7 -11 -4 -1 5 -4 5 8
canonical_upper 26 -16 1 1 1 1 3 3 3 3 0 -9 9 9 -5 -5 -1 1 12 3 3 -5 1 -1 -5 0 -3 -3 3 -13 3 0 3 -9 5 -9 12 5 -5 -5 -8 1 9 4 7 -4
canonical_upper 27 -16 1 1 1 1 3 3 3 3 0 -5 5 9 -11 -5 3 3 12 -1 3 3 -9 -5 1 8 -3 -1 5 -13 -1 0 -1 -1 5 -13 -4 11 3 -3 -4 3 -3 -4 5 8
canonical_upper 28 -16 1 1 1 1 3 3 3 3 0 -3 5 7 -9 -5 -5 9 0 5 7 9 -5 -5 -9 8 -9 -5 -5 5 -5 4 -5 5 -5 -5 4 -3 -1 7 0 13 -3 -4 -1 4
canonical_upper 29 -16 1 1 1 1 3 3 3 3 0 1 1 7 -9 -9 -1 9 4 7 -3 -11 7 1 -7 4 -3 7 -11 1 -7 8 3 3 -11 -5 4 1 3 -1 4 3 -1 -8 9 0
canonical_upper 30 -16 1 1 1 1 3 3 3 3 0 1 3 5 -11 -9 3 7 12 1 -5 1 -1 -11 1 0 5 7 -9 3 -11 4 -7 9 -5 -7 0 3 7 -3 4 -3 3 -4 7 0
canonical_upper 31 -16 1 1 1 1 3 3 3 3 0 3 3 3 -15 -3 3 5 0 3 3 -3 9 -3 -13 0 3 3 -3 -15 5 0 5 -13 5 -7 4 1 1 1 4 1 1 4 1 4
canonical_upper 32 -16 1 1 1 1 3 3 3 3 0 3 3 3 -13 -7 5 5 0 3 3 -7 11 -7 -7 0 3 5 -7 -13 5 0 5 -7 5 -13 4 1 1 1 4 1 1 4 1 4
canonical_upper 33 -16 1 1 1 1 3 3 3 3 0 3 3 3 -7 -7 -7 11 0 3 3 -7 -7 11 -7 0 3 -7 11 -7 -7 0 11 -7 -7 -7 4 1 1 1 4 1 1 4 1 4
canonical_upper 34 -16 1 1 1 1 3 3 3 3 0 3 3 3 -7 -7 -7 11 4 1 1 -13 5 5 -7 4 1 5 -13 5 -7 4 5 5 -13 -7 0 3 3 1 0 3 1 0 1 4
canonical_upper 35 -16 1 1 1 1 3 3 3 3 0 3 3 3 -7 -7 -7 11 4 1 1 -7 -7 11 -7 4 1 -7 11 -7 -7 4 11 -7 -7 -7 0 3 3 1 0 3 1 0 1 4
canonical_upper 36 -16 1 1 1 1 3 3 3 3 0 3 3 3 -7 -7 -7 11 8 -1 -1 -11 1 7 -7 8 -1 1 7 -11 -7 8 7 -11 1 -7 -4 5 5 1 -4 5 1 -4 1 4
canonical_upper 37 -16 1 1 1 1 3 3 3 3 0 3 3 3 -7 -7 -7 11 8 -1 -1 -9 -3 9 -7 8 -1 -3 9 -9 -7 8 9 -9 -3 -7 -4 5 5 1 -4 5 1 -4 1 4
canonical_upper 38 -16 1 1 1 1 3 3 3 3 0 3 3 3 -7 -7 -7 11 12 -3 -3 -7 -1 5 -7 12 -3 -1 5 -7 -7 12 5 -7 -1 -7 -8 7 7 1 -8 7 1 -8 1 4
canonical_upper 39 -16 1 1 1 1 3 3 3 3 4 -1 -1 7 -13 -5 3 5 12 -1 -1 -5 7 -7 -5 12 -1 3 -7 -9 3 4 5 -5 3 -13 0 5 5 -3 -8 5 5 -8 5 0
canonical_upper 40 -16 1 1 1 1 3 3 3 3 8 -5 3 3 -11 -3 -3 7 8 3 3 -3 -11 7 -3 8 -5 -3 7 -3 -11 8 7 -3 -11 -3 -4 9 1 1 -4 1 1 -4 9 -4
canonical_upper 41 -12 -7 -3 1 3 3 5 5 5 4 11 3 -1 5 -5 -5 -5 0 -5 -3 -9 -1 5 5 8 1 -5 9 -9 -3 12 -3 -7 5 -7 12 -1 -1 -1 -8 1 7 -8 7 -8
canonical_upper 42 -12 -7 -3 1 3 3 5 5 5 4 11 5 -3 3 -7 -3 -3 0 -7 -1 -7 7 -3 3 -4 9 7 -5 1 -7 8 -11 -1 -3 -1 0 1 7 -3 8 1 -9 -12 7 8
canonical_upper 43 -12 -7 -3 1 3 3 5 5 5 4 11 7 -3 -1 -5 -5 -1 0 -11 3 -3 -1 5 -1 8 -1 -3 5 -5 -1 -4 5 7 3 -13 12 -7 -7 1 -8 7 -3 -8 5 8
canonical_upper 44 -12 -7 -3 1 3 3 5 5 5 4 11 7 -3 -1 -5 -5 -1 0 -9 -1 -3 5 5 -5 0 3 1 -7 -5 9 12 -3 -5 3 -9 12 5 -7 -7 -8 7 3 -8 5 0
canonical_upper 45 -12 -7 -3 1 3 3 5 5 5 4 13 1 -3 3 -5 -3 -3 -8 -1 3 -3 -5 1 3 8 -1 -7 7 3 -11 8 -7 3 -11 5 8 9 -5 -1 -8 -3 -3 4 9 -4
canonical_upper 46 -12 -7 -3 1 3 3 5 5 5 8 3 9 -3 3 -7 -5 -1 12 -9 -1 -3 3 3 -5 -8 5 3 3 -5 1 12 -7 -3 1 -7 -12 3 3 7 8 -11 -1 0 9 -8
canonical_upper 47 -12 -7 -3 1 3 3 5 5 5 8 5 3 -1 5 -11 -1 -1 4 5 -3 -9 9 -7 -1 -12 1 -5 1 9 -3 0 9 5 -1 -13 0 -1 -7 5 -4 -5 1 8 -1 8
canonical_upper 48 -12 -7 -3 1 3 3 5 5 5 8 5 5 -3 3 -9 -5 3 8 -9 5 -5 3 3 -7 8 5 -5 5 -5 -5 -12 -7 5 3 1 12 3 1 -5 -8 3 -7 -12 7 8
canonical_upper 49 -12 -7 -3 1 3 3 5 5 5 8 5 7 -5 1 -9 -1 1 4 -7 9 3 3 -7 -7 4 -3 -9 9 1 -3 -8 1 3 7 -7 -8 -3 1 11 0 -9 1 8 -5 4
canonical_upper 50 -12 -7 -3 1 3 3 5 5 5 8 7 -1 1 3 -11 -1 1 4 -1 -5 -7 11 -5 -1 8 9 -5 -1 1 -11 -12 1 -3 5 1 12 3 -5 -5 0 -3 -1 -8 11 0
canonical_upper 51 -12 -7 -3 1 3 3 5 5 5 8 7 1 -1 1 -9 -5 5 0 -1 7 -3 7 -3 -11 8 -13 5 3 1 -5 -4 1 1 7 -1 -12 -5 9 1 4 -9 3 0 -5 8
canonical_upper 52 -12 -7 -3 1 3 3 5 5 5 8 7 5 -7 -1 -7 -1 3 0 -1 5 -1 9 -9 -7 -12 7 1 -7 5 1 8 -7 -5 1 -5 8 1 7 -11 4 -5 5 -8 5 4
canonical_upper 53 -12 -7 -3 1 3 3 5 5 5 8 7 5 -5 -3 -5 -5 5 4 -7 1 -1 5 5 -11 -4 9 7 -7 -5 1 0 1 -9 7 -7 0 9 -11 -5 0 -1 3 0 5 4
canonical_upper 54 -12 -7 -3 1 3 3 5 5 5 8 9 -5 -1 5 -7 -1 -1 -4 9 -3 -9 1 -3 3 4 1 -5 5 1 -11 0 9 5 -13 -1 0 -1 5 -7 -12 -1 5 8 -1 8
canonical_upper 55 -12 -7 -3 1 3 3 5 5 5 8 9 -1 -7 3 -5 -3 3 -4 5 3 -7 7 -3 -7 -8 13 -1 -5 -1 -3 0 -3 -7 -1 -1 8 -5 9 -7 8 5 -3 -12 1 12
canonical_upper 56 -12 -7 -3 1 3 3 5 5 5 8 11 -5 -5 1 -3 -1 1 -8 5 3 -3 3 -1 -7 4 9 3 -3 -11 -3 -8 1 -3 7 -7 -8 -9 1 11 12 -3 1 8 -5 4
canonical_upper 57 -12 -7 -3 1 3 3 5 5 5 8 11 -3 -5 -3 -3 -1 3 -8 3 3 1 1 1 -9 0 7 9 -5 -11 -1 4 -7 -9 7 -3 -4 9 -7 -1 0 7 -5 0 -1 12
canonical_upper 58 -12 -7 -3 1 3 3 5 5 5 12 1 -3 3 5 -7 -3 -1 8 7 1 -9 3 1 -9 4 -9 1 -3 -7 9 -8 -3 1 11 1 0 11 -7 -1 0 -1 -9 -4 5 0
canonical_upper 59 -12 -7 -3 1 3 3 5 5 5 12 1 1 -5 5 -7 -1 1 8 5 5 -9 3 -9 -1 -12 7 1 -1 5 -7 -8 -3 -3 9 -5 0 11 -1 -7 0 -9 1 0 1 12
canonical_upper 60 -12 -7 -3 1 3 3 5 5 5 12 1 3 -3 -1 -7 -3 5 12 -3 1 -5 7 -3 -7 0 -5 9 -1 7 -11 8 9 -5 -9 1 -8 -3 1 -5 -8 7 5 -8 3 4
canonical_upper 61 -12 -7 -3 1 3 3 5 5 5 12 3 -3 -1 1 -7 -3 5 8 1 -3 -5 7 3 -11 12 3 -3 -1 -11 1 -8 13 -3 1 -5 0 -5 3 -7 -8 7 5 -8 3 4
canonical_upper 62 -12 -7 -3 1 3 3 5 5 5 12 5 -5 -3 -1 -3 -3 5 0 7 3 -3 -1 5 -13 8 -9 5 1 -7 -1 8 9 -3 -3 -5 -8 -1 -9 5 -12 9 5 4 -1 0
canonical_upper 63 -12 -7 -3 1 3 3 5 5 5 12 5 -3 -5 -3 -3 -1 5 0 1 9 3 -1 -1 -13 12 -1 1 -3 -11 3 0 -11 7 1 -3 8 -3 7 -5 -12 5 5 -8 3 0
canonical_upper 64 -12 -7 -3 3 3 3 3 3 7 8 7 -7 -3 -1 1 7 -5 0 11 3 -7 -1 -7 -3 -4 7 -1 -5 -5 1 -12 7 -5 1 -1 8 1 1 -11 12 -9 3 0 9 0
canonical_upper 65 -12 -7 -3 3 3 3 3 3 7 8 11 -7 -3 -1 -1 -1 1 -8 7 3 -3 -3 1 -5 4 3 -9 -3 7 -5 4 9 -9 -9 -1 0 9 -3 -5 0 9 -5 -8 1 12
canonical_upper 66 -12 -7 -3 3 3 3 3 3 7 12 3 -7 -3 -3 1 5 -1 4 3 7 7 -5 -9 -7 0 -3 3 3 9 -11 -8 1 7 -9 5 -8 -11 3 5 8 -3 -3 0 1 4
canonical_upper 67 -12 -7 -1 -1 1 5 5 5 5 8 -1 9 3 -9 -3 -1 1 8 -3 9 3 -3 -1 -11 0 -9 9 3 -3 -5 -4 -3 -3 -3 9 0 3 -9 1 -12 9 1 8 -5 4
canonical_upper 68 -12 -7 -1 -1 1 5 5 5 5 8 1 11 -3 -5 -5 -1 1 0 -3 15 -3 -1 -7 -1 -8 -3 3 5 3 -7 -4 3 -3 -3 -3 0 -7 11 -7 12 -3 -3 -8 3 12
canonical_upper 69 -12 -7 -1 -1 1 5 5 5 5 8 5 7 -3 -9 -3 -1 3 8 -11 3 3 3 -7 -3 0 9 1 -3 3 -5 -4 9 -3 -3 -9 -4 -7 -3 5 4 11 -7 -8 3 8
canonical_upper 70 -12 -7 -1 -1 1 5 5 5 5 12 -3 7 -3 -3 -3 -3 3 8 1 9 -9 -7 3 -1 -8 3 1 7 1 -11 -4 9 -3 -9 -3 0 3 -9 3 -4 9 -7 0 3 8
canonical_upper 71 -12 -7 -1 -1 3 3 3 5 7 4 5 9 -1 1 1 -1 -11 0 3 1 -3 -1 -13 9 -8 -3 -9 1 7 1 12 1 -11 1 -3 8 9 -5 -5 -8 3 3 4 -1 0
canonical_upper 72 -12 -7 -1 -1 3 3 3 5 7 8 -1 7 -3 1 7 -5 -7 12 -1 -1 7 -9 -3 -3 -4 7 -7 -5 9 -5 8 -7 -3 -9 5 -8 7 -1 5 -4 -3 7 8 -1 -8
canonical_upper 73 -12 -7 -1 -1 3 3 3 5 7 8 -1 7 -1 1 1 3 -11 16 -3 -3 -3 -1 -3 -1 0 -3 7 -3 -11 7 8 -5 11 -7 -3 -12 -1 3 7 -12 3 -1 8 -1 -4
canonical_upper 74 -12 -7 -1 -1 3 3 3 5 7 8 1 3 -1 1 7 -1 -11 8 7 -11 -3 -5 -1 5 -4 11 -3 -9 -3 -1 4 -1 -5 1 -1 8 3 -13 5 -4 9 1 0 3 -8
canonical_upper 75 -12 -7 -1 -1 3 3 3 5 7 8 1 7 -7 3 5 -5 -5 8 -3 5 7 -11 -1 -5 -4 11 -9 3 -3 -1 0 -9 -3 -1 1 -4 1 1 7 -8 7 3 8 -11 4
canonical_upper 76 -12 -7 -1 -1 3 3 3 5 7 8 3 5 -5 3 5 -9 -3 12 -7 3 -1 -9 1 -1 0 7 -1 1 7 -11 4 -13 3 -3 1 -4 1 9 3 -8 -5 9 0 -5 0
canonical_upper 77 -12 -7 -1 -1 3 3 3 5 7 8 3 5 -5 3 5 -9 -3 12 -5 3 -9 -5 1 1 0 1 -1 1 11 -11 4 11 -9 -3 -5 -4 1 -7 3 -8 3 9 0 -1 0
canonical_upper 78 -12 -7 -1 -1 3 3 3 5 7 8 3 9 -3 -1 -1 -9 1 0 3 7 -7 -7 9 -7 -12 -5 -1 5 3 -1 4 9 -9 -5 -1 0 9 -7 -5 0 5 -5 0 -1 12
canonical_upper 79 -12 -7 -1 -1 3 3 3 5 7 8 5 7 -7 -5 1 3 -5 -8 3 9 -3 5 -9 -1 -12 3 7 -3 1 -5 8 -5 -7 -1 -3 12 -1 -3 -5 0 -9 11 8 5 -4
canonical_upper 80 -12 -7 -1 -1 3 3 3 5 7 12 -5 3 -1 3 3 -1 -7 8 11 1 -5 -3 1 -7 -8 1 5 -5 -7 1 -8 -5 11 -7 5 0 -11 1 9 0 1 1 12 -5 -4
canonical_upper 81 -12 -7 -1 -1 3 3 3 5 7 12 -1 -1 -1 1 7 -5 -5 0 9 -1 9 -9 1 -7 8 -3 -11 -1 -3 3 8 -7 1 9 -9 4 -3 3 1 -8 1 9 -12 1 0
canonical_upper 82 -12 -7 -1 -1 3 3 3 5 7 12 -1 1 -5 -1 7 -1 -5 8 -3 11 1 -1 -7 -7 12 1 1 -11 3 -3 -8 -7 1 5 -1 8 -1 -11 7 -8 5 5 -4 5 -8
canonical_upper 83 -12 -7 -1 -1 3 3 3 5 7 12 -1 5 -7 -3 1 3 -3 4 5 9 1 -11 1 -7 -8 7 -5 5 -9 1 -8 -3 1 -5 3 8 7 3 -11 0 -9 3 4 7 0
canonical_upper 84 -12 -7 -1 -1 3 3 3 5 7 12 1 1 -7 1 5 -5 -1 0 9 -1 5 -13 3 -3 0 5 -13 -1 3 -3 0 3 9 -1 -11 8 -3 -1 -3 0 -1 1 -12 9 4
canonical_upper 85 -12 -7 -1 -1 3 3 3 5 7 12 1 5 -7 -5 1 -1 1 8 -1 1 9 -11 -5 -1 -8 7 1 5 3 -11 -8 5 7 -1 -7 -12 1 -3 1 0 -9 3 12 -1 8
canonical_upper 86 -12 -7 -1 -1 3 3 3 5 7 12 3 3 -7 -5 -1 3 -1 -8 3 9 3 1 1 -11 0 5 1 -1 -15 5 4 -7 -7 3 -3 0 13 -3 -5 -8 1 -1 4 1 8
canonical_upper 87 -12 -7 -1 -1 3 3 3 5 7 12 3 3 -7 -1 -1 -5 3 0 -3 5 -7 11 1 -9 0 5 11 -7 1 -9 4 1 1 -13 1 -8 -5 5 1 -8 5 1 4 -3 8
canonical_upper 88 -12 -7 -1 -1 3 3 3 5 7 12 3 3 -5 -5 1 -5 3 0 -3 -5 13 1 1 -9 0 13 -5 1 1 -9 0 3 -3 -7 1 0 -3 -7 1 -12 11 1 4 -3 8
canonical_upper 89 -12 -7 -1 1 1 1 5 5 7 4 11 1 1 5 -5 -3 -7 0 -5 -3 -9 -3 5 5 -4 13 -3 5 -1 -7 0 -5 -1 -9 3 12 1 -3 1 -8 11 -5 0 -5 8
canonical_upper 90 -12 -7 -1 1 1 1 5 5 7 4 11 1 1 5 -5 -3 -7 0 -5 -3 -7 -3 -1 9 -4 13 -1 5 -7 -3 0 -9 -1 3 -5 8 7 1 -5 -8 -7 7 12 -3 0
canonical_upper 91 -12 -7 -1 1 1 1 5 5 7 8 -3 5 5 7 -5 -5 -5 16 -1 -1 -1 -3 -3 -3 -4 -7 1 -5 13 -3 -4 1 13 -5 -3 -12 -3 -3 9 0 3 -5 0 -5 8
canonical_upper 92 -12 -7 -1 1 1 1 5 5 7 8 -1 -1 5 9 -5 -1 -7 8 11 -7 -3 1 -1 -7 -8 7 -7 -3 -1 1 4 -7 -3 -7 7 -4 9 3 -1 4 -11 3 8 5 -8
canonical_upper 93 -12 -7 -1 1 1 1 5 5 7 8 -1 1 3 7 -1 1 -11 8 1 9 -5 -1 -11 1 4 -7 7 -11 -3 7 -4 -7 -3 9 -1 -8 7 -3 1 8 -5 1 4 3 -8
canonical_upper 94 -12 -7 -1 1 1 1 5 5 7 8 1 1 5 7 -9 -5 -1 0 3 7 -5 9 -3 -11 12 -11 -3 -1 -3 1 -4 -3 5 -5 5 -4 -3 13 -3 -8 3 -1 0 -5 8
canonical_upper 95 -12 -7 -1 1 1 1 5 5 7 8 3 -1 -1 7 1 1 -11 4 -1 -1 5 -9 -9 9 8 5 -5 -11 7 -3 8 -5 7 -11 -3 -12 3 3 3 0 3 1 0 1 -4
canonical_upper 96 -12 -7 -1 1 1 1 5 5 7 8 3 -1 1 9 -9 -1 -3 -4 7 11 -9 -1 -3 -3 -8 3 1 9 -9 -3 -8 -9 -3 3 1 0 7 -1 1 0 -1 -7 12 -5 12
canonical_upper 97 -12 -7 -1 1 1 1 5 5 7 8 5 -5 1 7 -1 1 -9 0 11 -9 -3 -7 3 1 4 5 -7 1 -7 -3 4 7 1 -11 1 -8 -5 1 7 8 7 -9 -4 5 0
canonical_upper 98 -12 -7 -1 1 1 1 5 5 7 8 5 -5 3 7 -7 1 -5 4 5 -7 -9 5 5 -7 8 9 -5 -5 -7 -1 -8 7 -3 -5 3 -4 7 -5 1 8 -5 -5 0 11 -4
canonical_upper 99 -12 -7 -1 1 1 1 5 5 7 8 5 -3 3 5 -9 3 -5 8 3 -3 -13 3 -3 1 -4 5 5 9 -9 -7 -8 7 -3 -9 7 -4 1 1 -3 -4 5 -7 8 -1 8
canonical_upper 100 -12 -7 -1 1 1 1 5 5 7 8 7 -1 -1 3 -7 5 -7 -12 -1 7 5 -1 -5 1 8 1 -5 9 -1 -11 8 -9 -5 -7 5 4 7 -9 3 -8 -1 1 8 5 -4
canonical_upper 101 -12 -7 -1 1 1 1 5 5 7 8 9 -5 -1 5 -5 1 -5 -8 -3 5 -1 3 -9 5 8 3 9 1 -5 -9 8 -13 1 1 -5 -4 1 1 1 -12 -3 9 12 -3 0
canonical_upper 102 -12 -7 -1 1 1 1 5 5 7 8 9 -5 1 5 -5 -5 -1 -8 -3 -1 -1 3 9 -7 8 3 9 1 -5 -9 12 -11 -3 -3 1 -4 1 -5 5 -12 9 1 0 -5 8
canonical_upper 103 -12 -7 -1 1 1 1 5 5 7 8 9 -3 -1 1 -1 3 -9 -8 -1 5 -5 7 -7 1 4 -3 13 1 -9 -3 8 -1 -11 -5 7 -4 -7 5 -3 4 -3 5 8 3 -8
canonical_upper 104 -12 -7 -1 1 1 1 5 5 7 8 9 -3 -1 1 -1 3 -9 -8 7 -7 -1 5 -5 1 4 7 -7 1 -11 1 8 1 -9 5 -5 12 -5 -7 5 -8 5 7 4 1 -8
canonical_upper 105 -12 -7 -1 1 1 1 5 5 7 8 11 -5 1 1 -5 -1 -3 -12 -3 -1 3 3 -1 1 4 11 7 -5 -5 -5 -8 -1 -7 7 -3 -8 7 -11 1 8 1 -7 8 -3 12
canonical_upper 106 -12 -7 -1 1 1 1 5 5 7 12 -1 -3 1 3 -3 5 -7 0 9 -1 9 -7 -9 1 -8 3 3 7 -7 -5 12 -11 -3 -3 1 -8 -1 1 3 8 3 -9 -4 9 0
canonical_upper 107 -12 -7 -1 1 1 1 5 5 7 12 1 -7 1 5 -1 1 -5 0 11 -5 1 7 -7 -7 0 7 -1 -5 1 -7 0 5 -13 -1 5 -12 1 -7 7 0 1 5 12 -5 0
canonical_upper 108 -12 -7 -1 1 1 1 5 5 7 12 3 -3 1 1 -9 1 1 0 -3 -5 7 9 1 -11 0 15 1 -1 -5 -5 -4 -3 -3 1 -3 -4 5 -13 5 -8 3 -1 8 -1 8
canonical_upper 109 -12 -7 -1 1 1 1 5 5 7 12 7 -5 -3 1 -3 -3 1 -8 9 3 -9 1 1 -3 0 5 -3 -5 7 -9 -4 5 9 -9 -7 12 -5 1 -3 0 -9 7 0 7 0
canonical_upper 110 -12 -7 -1 1 1 1 5 5 7 12 7 -5 -1 -1 -5 -1 1 -12 1 1 5 5 1 -7 0 11 7 -7 -7 -1 0 -7 -7 7 -5 0 7 -11 -1 0 7 -5 0 -1 12
canonical_upper 111 -12 -7 1 1 1 1 3 3 9 8 -5 -1 5 5 -1 5 -9 8 9 1 3 -9 -3 -5 -4 -3 -7 9 3 -7 -12 9 1 -5 3 -4 -3 -9 5 8 -7 -1 8 5 0
canonical_upper 112 -12 -7 1 1 1 1 3 3 9 8 -3 -1 3 5 -3 7 -9 -4 5 5 5 7 -11 -5 8 1 -13 1 3 -5 4 1 -13 -7 5 -4 7 -3 1 0 1 -3 0 7 0
canonical_upper 113 -12 -7 1 1 1 1 3 3 9 8 -3 -1 7 7 -5 1 -7 12 7 -3 1 -7 -5 -3 -8 3 -7 7 5 -7 -8 -7 -5 9 3 4 5 -9 5 8 1 -7 -8 3 4
canonical_upper 114 -12 -7 1 1 1 1 3 3 9 8 1 3 5 7 -7 -5 -5 -8 -9 3 5 9 3 -5 12 -5 -5 3 1 -1 -8 -1 -7 11 1 -8 5 -9 5 4 -3 -7 4 -5 8
canonical_upper 115 -12 -5 -5 1 3 3 3 5 7 -4 13 5 -1 -1 3 -5 -5 0 -5 -1 7 -3 -3 -3 8 -7 -7 3 7 -5 12 -5 3 3 -7 -4 -7 7 7 0 -11 9 0 -3 0
canonical_upper 116 -12 -5 -5 1 3 3 3 5 7 0 9 -3 1 3 7 -1 -11 4 3 5 -3 -11 -3 1 12 -11 -3 1 -1 1 -8 3 -3 3 7 -8 9 -9 5 0 -1 -5 12 -5 0
canonical_upper 117 -12 -5 -5 1 3 3 3 5 7 0 11 7 -9 -3 1 1 -3 4 -7 7 -3 -5 -1 -1 0 -7 11 1 -1 -5 4 7 3 -5 -3 0 -9 -3 -3 12 -1 -5 -8 13 0
canonical_upper 118 -12 -5 -5 1 3 3 3 5 7 0 13 -5 -5 1 5 1 -5 0 3 1 -5 -3 -7 3 8 1 9 -9 -5 -3 12 -9 3 -1 -5 -4 3 7 -5 -8 9 -3 -8 -1 12
canonical_upper 119 -12 -5 -5 1 3 3 3 5 7 0 13 -3 -5 -3 5 3 -5 0 1 1 -1 -3 -9 3 8 -5 11 -7 -1 -5 12 3 3 -7 -5 -12 -1 1 -1 -8 11 -3 0 -3 12
canonical_upper 120 -12 -5 -5 1 3 3 3 5 7 4 3 7 -7 3 7 -3 -9 12 -5 3 1 -9 1 -1 0 5 1 -1 -13 5 8 -11 3 -1 -3 -8 -1 3 9 -4 9 -7 0 -1 0
canonical_upper 121 -12 -5 -5 1 3 3 3 5 7 4 7 -3 -5 1 11 -5 -5 8 -1 1 -3 -11 5 -1 8 1 11 -5 -5 -7 12 -9 3 -1 -5 -8 1 1 3 0 -3 1 -8 11 -4
canonical_upper 122 -12 -5 -5 1 3 3 3 5 7 8 1 -3 -1 5 7 -1 -11 12 3 3 -9 -5 1 -1 8 -9 9 -5 -5 1 4 1 3 -11 7 -8 3 -5 1 -12 5 1 8 3 -8
canonical_upper 123 -12 -5 -5 1 3 3 3 5 7 8 1 3 -3 3 7 -11 -3 12 1 -5 -1 -5 7 -5 0 7 -15 1 -1 3 8 3 -3 1 -11 4 3 3 -3 -12 -1 7 -8 5 0
canonical_upper 124 -12 -5 -5 1 3 3 3 5 7 8 3 -7 1 5 7 -5 -7 12 3 -5 -7 -5 1 3 8 7 5 -5 -5 -7 -12 3 3 5 -5 -8 3 -9 5 -12 5 1 8 -5 8
canonical_upper 125 -12 -5 -5 1 3 3 3 5 7 8 3 -5 -3 1 9 1 -9 8 3 7 1 -11 -3 -3 12 -9 1 3 -5 -1 0 -3 3 -7 9 -12 -3 11 1 0 -7 3 4 1 -8
canonical_upper 126 -12 -5 -5 1 3 3 3 5 7 8 3 1 -1 1 5 -13 1 8 5 -7 1 -5 7 -7 -4 9 -5 -11 -1 5 8 -3 1 -1 -9 -12 9 5 1 0 3 -5 -4 -1 8
canonical_upper 127 -12 -5 -5 1 3 3 3 5 7 8 5 -7 -5 1 7 3 -7 8 5 1 -5 -5 -9 5 8 -5 7 -5 3 -7 12 3 3 -7 -5 -12 3 5 -5 -12 5 1 -8 3 8
canonical_upper 128 -12 -5 -5 1 3 3 3 5 7 8 5 -5 -5 -3 7 5 -7 8 3 1 -1 -5 -11 5 0 1 13 -3 -1 -9 12 -9 3 -1 -5 -4 -1 3 -1 -12 7 1 -8 1 8
canonical_upper 129 -12 -5 -5 1 3 3 3 5 7 8 5 -3 -9 -1 9 -1 -3 8 -3 9 -1 -9 -1 -3 8 3 7 3 -5 -11 -4 -1 -1 -7 7 -12 -1 9 -3 -4 -7 7 8 -1 0
canonical_upper 130 -12 -5 -5 1 3 3 3 5 7 8 5 -1 -11 -1 7 1 -3 8 -1 7 -1 -11 1 -3 -4 7 7 7 -9 -7 0 -7 3 1 -3 8 -7 -7 5 0 1 -3 -4 11 -4
canonical_upper 131 -12 -5 -5 1 3 3 3 5 7 8 5 -1 -11 1 7 -3 -1 8 -1 7 1 -11 -3 -1 -4 7 1 7 3 -13 0 -3 3 -7 1 -12 -3 11 1 0 -7 1 4 -3 8
canonical_upper 132 -12 -5 -5 1 3 3 3 5 7 8 5 -1 -9 -3 9 -3 -1 8 -1 9 -3 -9 -3 -1 -4 3 9 3 3 -13 -8 1 -5 5 1 4 1 -13 1 -8 5 1 4 -3 8
canonical_upper 133 -12 -5 -3 -3 3 5 5 5 5 0 3 13 -3 -5 -5 -3 5 4 3 1 1 1 5 -15 -8 -1 -3 1 -5 3 8 9 -7 -9 -1 -12 1 3 1 12 -7 -1 8 3 0
canonical_upper 134 -12 -5 -3 -3 3 5 5 5 5 0 7 7 5 -11 -5 1 1 0 3 -3 5 -1 -13 5 0 -3 5 -1 5 -13 -8 -9 9 3 3 4 -1 1 1 8 -7 -7 4 1 4
canonical_upper 135 -12 -5 -3 -3 3 5 5 5 5 0 7 7 5 -7 -7 -5 5 0 3 -3 -7 11 -1 -7 0 -3 11 -7 -1 -7 -8 -5 -5 9 7 4 1 -3 1 4 -3 1 8 -9 4
canonical_upper 136 -12 -5 -3 -3 3 5 5 5 5 4 -1 11 1 -11 -1 -1 3 8 5 -3 7 -9 3 -7 -8 1 -1 5 -5 -5 -4 7 -3 -11 9 -4 3 -5 -1 8 1 -9 8 5 0
canonical_upper 137 -12 -5 -3 -3 3 5 5 5 5 8 -3 9 -3 -9 -1 -1 5 16 -1 -1 -3 -3 -1 -1 0 3 9 -5 -3 -9 0 -3 13 -3 -9 4 -7 5 -1 -4 1 1 -12 9 0
canonical_upper 138 -12 -5 -3 -1 1 3 3 7 7 -4 11 7 5 -3 -1 -5 -5 -8 5 3 -3 -1 -7 3 0 -13 -3 3 5 -3 8 -1 -3 3 -3 8 11 -7 -5 -12 1 -1 8 -5 12
canonical_upper 139 -12 -5 -3 -1 1 3 3 7 7 0 3 5 5 3 5 -13 -3 4 9 -5 -5 -1 7 -9 -12 -1 5 -3 1 -3 12 -7 -7 1 1 8 -9 -3 5 8 -3 7 0 3 -8
canonical_upper 140 -12 -5 -3 -1 1 3 3 7 7 0 3 9 1 -1 7 -11 -3 8 -1 -1 9 -11 -1 -3 -8 9 -7 -1 -3 3 0 -9 -5 9 -5 -4 7 3 -1 4 1 -5 0 -5 12
canonical_upper 141 -12 -5 -3 -1 1 3 3 7 7 0 3 9 9 -3 -3 -9 -1 12 -9 -1 -1 5 -1 -5 0 1 7 1 1 -9 -4 -11 -5 5 5 0 9 -5 1 -12 1 1 8 -7 8
canonical_upper 142 -12 -5 -3 -1 1 3 3 7 7 0 5 9 7 -9 1 -5 -3 0 1 3 11 -9 -1 -7 0 -9 -1 -1 -7 9 0 -7 1 9 -5 4 3 -1 -3 12 -5 -5 -4 7 0
canonical_upper 143 -12 -5 -3 -1 1 3 3 7 7 0 7 5 -3 3 7 -11 -3 4 3 -5 3 -9 7 -7 0 5 -9 -7 -5 9 12 -3 1 1 -9 -8 9 5 -3 0 -5 1 0 1 4
canonical_upper 144 -12 -5 -3 -1 1 3 3 7 7 0 9 3 -1 -3 9 -9 -3 -4 5 7 -7 -7 -3 3 -8 3 11 -7 -3 -3 -4 -5 -5 11 -7 8 -1 -3 -3 8 3 -3 0 -3 12
canonical_upper 145 -12 -5 -3 -1 1 3 3 7 7 0 11 -1 9 -3 -3 -7 -1 0 5 -9 -5 -1 -3 5 4 -5 1 3 7 -13 8 1 -3 3 -5 0 13 -9 -1 -8 -5 1 4 3 4
canonical_upper 146 -12 -5 -3 -1 1 3 3 7 7 0 11 5 -7 1 5 -5 -5 -4 3 -1 5 -9 -5 3 0 5 -15 -1 3 1 12 3 -3 -3 -7 4 1 -3 1 8 5 -9 -8 9 0
canonical_upper 147 -12 -5 -3 -1 1 3 3 7 7 0 13 -3 7 -3 -1 -5 -3 -4 3 -1 -3 -7 -3 5 12 -7 5 -3 1 -7 -4 -1 7 7 -9 -8 11 -7 3 0 -7 -3 8 -1 8
canonical_upper 148 -12 -5 -3 -1 1 3 3 7 7 0 15 1 -3 -3 1 -5 -1 -4 -3 -5 3 -1 -1 -1 12 3 -7 -3 5 -7 4 5 9 -11 -3 8 -5 5 -9 -8 -5 9 0 5 0
canonical_upper 149 -12 -5 -3 -1 1 3 3 7 7 4 -3 9 3 -1 7 -9 -5 16 -1 -1 -3 -1 -1 -3 -8 9 -1 -7 -3 3 -8 3 -11 1 3 4 -1 9 -13 8 1 1 -8 3 4
canonical_upper 150 -12 -5 -3 -1 1 3 3 7 7 4 -3 13 3 -3 1 -7 -3 12 -5 7 3 -1 -5 -5 -8 1 1 1 3 -5 -4 -11 -7 5 5 0 11 1 -5 -8 -5 5 8 -7 8
canonical_upper 151 -12 -5 -3 -1 1 3 3 7 7 4 -1 3 9 -3 7 -9 -5 8 11 -9 1 -3 -3 -1 -12 1 3 -3 -1 -1 0 7 -9 -1 1 -8 -7 9 -5 8 5 -1 0 -7 12
canonical_upper 152 -12 -5 -3 -1 1 3 3 7 7 4 5 3 -5 -1 11 -7 -5 0 3 7 -3 -5 7 -11 8 -7 3 -11 -3 5 8 7 -3 -7 -1 -12 1 -5 7 0 1 3 8 -1 -4
canonical_upper 153 -12 -5 -3 -1 1 3 3 7 7 4 7 1 5 -9 3 -9 3 0 5 -5 9 -9 -5 1 -8 7 5 -1 3 -11 0 -9 -3 9 -5 0 3 1 -3 12 -5 -3 -4 3 8
canonical_upper 154 -12 -5 -3 -1 1 3 3 7 7 4 13 -3 3 -7 -3 -3 1 -4 3 -9 3 -1 -1 -1 0 1 5 9 -1 -13 12 -3 1 -7 1 8 -5 -9 5 -8 9 -5 0 5 0
canonical_upper 155 -12 -5 -3 -1 1 3 3 7 7 8 -5 7 5 -5 5 -7 -3 12 -1 7 3 -3 -5 -5 0 -7 9 -3 5 -9 -4 -11 3 5 1 0 1 -5 5 -12 -3 9 8 -5 0
canonical_upper 156 -12 -5 -3 -1 1 3 3 7 7 8 -5 9 5 -5 1 -7 -1 12 -1 7 3 -3 -5 -5 -8 -3 5 5 3 -9 -4 -11 -5 5 5 0 9 -5 1 -12 1 1 8 -7 8
canonical_upper 157 -12 -5 -3 -1 1 3 3 7 7 8 -1 1 1 -1 9 -11 -1 8 -1 11 1 -9 -3 -3 8 -3 1 1 7 -13 -8 -9 1 3 3 12 -5 -5 3 -8 3 5 -4 3 -4
canonical_upper 158 -12 -5 -3 -1 1 3 3 7 7 8 -1 5 1 -5 5 -11 3 12 -3 3 -5 3 3 -9 -4 3 13 -3 -3 -7 4 -3 -15 1 5 0 1 3 -7 0 3 3 -8 5 0
canonical_upper 159 -12 -5 -3 -1 1 3 3 7 7 8 -1 5 9 -9 -3 -3 -1 12 -5 3 7 -5 -3 -5 0 -3 5 11 -3 -9 -12 -3 -3 3 5 -8 7 -3 1 -8 -3 1 12 -7 8
canonical_upper 160 -12 -5 -3 -1 1 3 3 7 7 8 -1 7 -7 1 7 -7 -3 16 -3 -1 -3 -3 -1 -1 -4 7 -1 -1 7 -11 8 7 -5 -7 -3 -12 3 -5 7 -12 1 7 8 -3 0
canonical_upper 161 -12 -5 -3 -1 1 3 3 7 7 8 1 -1 -1 1 9 -11 -1 0 11 7 -9 -3 1 -5 4 -11 3 -5 1 -1 8 1 -1 3 -7 12 -5 -1 -5 -8 1 9 -8 7 -4
canonical_upper 162 -12 -5 -3 -1 1 3 3 7 7 8 1 7 -1 -11 5 -3 -1 0 -1 7 9 3 -11 -5 4 -7 7 -9 5 -5 8 -5 -3 7 -7 0 -1 -3 1 -4 -5 11 0 3 -4
canonical_upper 163 -12 -5 -3 -1 1 3 3 7 7 8 1 9 -1 -11 1 -1 -1 0 5 7 9 -9 -5 -5 -8 -9 5 -1 -3 3 8 -5 1 5 -7 0 3 -5 1 12 -5 -5 -4 11 -4
canonical_upper 164 -12 -5 -3 -1 1 3 3 7 7 8 3 3 5 -9 -3 -7 5 -4 11 -1 7 -3 -1 -9 -8 -3 5 -7 3 -3 -4 -7 11 5 -7 0 5 -7 3 4 -7 -3 8 -1 8
canonical_upper 165 -12 -5 -3 -1 1 3 3 7 7 8 3 3 5 -9 -3 -7 5 12 -1 -9 3 -3 3 -5 -8 9 5 5 -3 -9 -4 -3 3 5 -7 0 9 -9 1 -12 -3 1 8 -1 8
canonical_upper 166 -12 -5 -3 -1 1 3 3 7 7 8 3 7 -11 1 3 -3 -3 4 3 7 1 -13 -5 3 -8 5 -11 5 1 -1 4 -1 5 -3 -7 12 1 -3 -3 0 3 -7 -8 11 0
canonical_upper 167 -12 -5 -3 -1 1 3 3 7 7 8 3 7 -3 -11 3 -3 1 4 3 3 7 -13 -5 1 -8 -7 7 5 1 -7 12 -3 5 -7 -1 0 1 3 -7 0 3 -7 -8 9 4
canonical_upper 168 -12 -5 -3 -1 1 3 3 7 7 8 5 1 -5 -7 9 -5 -1 -4 5 11 -1 -7 -7 1 8 -9 5 -9 3 -3 4 5 -1 -5 -1 -4 5 5 -11 0 5 -5 -8 5 8
canonical_upper 169 -12 -5 -3 -1 1 3 3 7 7 8 5 1 -1 -11 7 -3 -1 -4 11 -1 5 -7 -7 1 -4 1 1 -11 5 -3 -4 7 7 3 -13 0 3 -9 1 0 -3 1 8 -1 8
canonical_upper 170 -12 -5 -3 -1 1 3 3 7 7 8 5 5 -9 -5 5 -5 1 8 -5 7 -1 -11 -1 1 4 1 3 -1 7 -13 0 9 3 -7 -5 -12 5 -1 -1 0 -9 5 4 5 0
canonical_upper 171 -12 -5 -3 -1 1 3 3 7 7 8 7 -3 -7 1 7 -7 -1 0 -1 7 -3 -3 7 -11 16 -3 -1 -1 -3 -3 8 7 -5 -7 -1 -12 3 -5 7 -12 1 7 8 -1 -4
canonical_upper 172 -12 -5 -3 -1 1 3 3 7 7 8 9 -5 -5 -1 5 -7 1 -4 9 -1 -7 -3 5 -5 0 11 -3 -7 -1 -3 -4 7 -1 -9 1 0 11 -3 -7 -8 3 -3 8 -3 12
canonical_upper 173 -12 -5 -3 -1 1 3 3 7 7 8 9 -1 -9 -3 5 -3 -1 -4 -3 11 -1 -3 -7 1 16 -1 -3 -3 -1 -3 4 5 -5 -5 -1 -4 9 5 -11 -8 7 -5 -8 5 8
canonical_upper 174 -12 -5 -3 -1 1 3 3 7 7 8 11 -7 -3 -3 3 -3 -1 -8 7 3 -5 -3 1 -3 8 1 1 -1 3 -11 8 1 -9 -9 7 0 13 -9 -1 -4 -1 -1 4 7 -4
canonical_upper 175 -12 -5 -3 -1 1 3 3 7 7 12 -1 -1 1 -7 7 -5 -1 0 9 3 5 -1 1 -13 -8 7 5 -5 -7 1 0 -9 -11 3 5 0 7 -7 3 -4 5 -1 8 -5 4
canonical_upper 176 -12 -5 -3 -1 1 3 3 7 7 12 -1 3 1 -9 1 -5 3 0 9 7 5 -7 -1 -9 0 -13 5 -3 1 -1 8 -1 -1 1 -3 -8 9 -1 -3 8 -9 -1 -4 11 -4
canonical_upper 177 -12 -5 -3 -1 1 3 3 7 7 12 3 -1 -3 -9 5 -1 -1 0 7 7 1 -11 -7 3 4 -11 9 -1 -1 -5 8 3 3 -5 -3 -8 5 1 -5 0 5 -9 -8 9 4
canonical_upper 178 -12 -5 -3 -1 1 3 3 7 7 12 7 -5 -3 -5 -1 -3 3 -8 3 7 5 1 -3 -9 12 1 -5 1 -9 3 0 7 -13 3 -3 -8 5 5 -7 8 1 -5 -8 7 4
canonical_upper 179 -12 -5 -3 -1 3 3 3 3 9 4 -1 11 -5 -3 -1 7 -7 16 -3 -1 -3 -1 -3 -1 0 5 1 -9 -7 3 -4 11 3 -9 -3 -8 7 -3 -5 -4 9 -7 0 3 8
canonical_upper 180 -12 -5 -3 -1 3 3 3 3 9 4 11 -1 -7 -5 -1 7 -3 -8 3 1 -3 7 -3 -5 12 3 -1 -9 -7 1 -8 9 7 -3 -5 0 -3 9 -9 4 -9 1 0 3 8
canonical_upper 181 -12 -5 -3 -1 3 3 3 3 9 8 -5 9 -5 -1 1 5 -7 12 -1 3 3 -3 3 -9 -8 5 3 5 -9 -3 0 -11 9 -5 1 8 -3 -7 5 -12 -3 3 8 5 -4
canonical_upper 182 -12 -5 -3 -1 3 3 3 3 9 8 1 9 -11 -1 -1 1 -1 0 5 9 3 3 -9 -9 -8 5 -9 -3 -1 3 0 -7 -1 3 -1 4 11 -1 -3 -12 -1 1 12 -7 8
canonical_upper 183 -12 -5 -3 -1 3 3 3 3 9 8 3 -3 -9 3 5 5 -7 8 1 5 -3 -13 3 -1 4 7 7 3 -9 -9 -4 -9 5 3 -1 4 -5 -7 7 0 5 -3 -8 5 0
canonical_upper 184 -12 -5 -3 -1 3 3 3 3 9 12 1 1 -11 1 1 1 -1 4 -1 7 -9 3 7 -9 8 5 5 -13 -1 -3 -8 3 3 1 -3 0 9 -9 -3 0 -3 -3 -8 9 4
canonical_upper 185 -12 -5 -3 -1 3 3 3 3 9 12 3 -5 -5 -3 -1 7 -3 8 7 1 -3 -5 -11 3 -4 5 7 3 -1 -11 -8 -7 11 1 -1 8 -9 5 -1 -4 5 -3 -8 -1 8
canonical_upper 186 -12 -5 -3 1 1 1 3 5 9 -4 9 3 3 7 1 -5 -9 4 -1 7 -9 -5 -5 3 8 -9 -7 9 -1 -3 -8 1 -3 9 -1 8 5 -5 -1 -12 1 1 8 -7 8
canonical_upper 187 -12 -5 -3 1 1 1 3 5 9 0 1 1 5 7 5 -1 -13 12 1 1 1 -9 -7 3 12 -7 -9 3 1 -3 4 -7 -5 11 -3 0 9 -5 3 -8 1 1 -8 3 0
canonical_upper 188 -12 -5 -3 1 1 1 3 5 9 0 1 1 7 7 5 -5 -11 12 1 -5 1 -9 5 -3 12 -3 -9 3 -7 1 8 -9 -3 7 -3 0 9 -1 1 -8 -3 3 -8 7 -4
canonical_upper 189 -12 -5 -3 1 1 1 3 5 9 0 9 -3 -1 11 -3 -1 -7 0 7 -3 -7 -5 7 -5 8 -3 -5 3 -11 3 4 -3 13 1 -9 4 1 -7 5 -8 -3 -1 4 5 0
canonical_upper 190 -12 -5 -3 1 1 1 3 5 9 0 9 -1 3 9 -3 -9 -3 8 -5 -3 -9 -1 5 -1 -4 5 5 1 9 -11 -12 3 9 -3 -3 0 -9 -3 3 8 -7 -1 4 -1 8
canonical_upper 191 -12 -5 -3 1 1 1 3 5 9 0 11 -5 1 9 -3 -3 -5 0 7 -7 -3 -7 3 -1 8 1 -9 5 -7 -1 -4 5 11 1 -9 -4 3 -7 5 -8 -1 -3 12 -3 8
canonical_upper 192 -12 -5 -3 1 1 1 3 5 9 8 -1 1 5 7 -3 -11 -1 4 7 -7 5 1 5 -11 -8 -5 -3 11 -5 1 8 -5 3 7 -7 -4 -11 5 5 0 -5 1 0 -1 4
canonical_upper 193 -12 -5 -3 1 1 1 3 5 9 8 -1 3 5 5 -11 1 -5 8 7 -7 -3 5 3 -9 0 3 -11 -3 -7 7 -4 5 7 -11 1 -4 7 5 -5 0 -5 -3 4 5 0
canonical_upper 194 -12 -5 -3 1 1 1 3 5 9 8 1 -5 3 7 -7 5 -7 0 13 1 -5 3 -1 -9 -4 5 -7 -3 -1 1 -4 5 -7 -11 7 -4 9 -7 1 8 -1 -5 8 3 0
canonical_upper 195 -12 -5 -3 1 1 1 3 5 9 8 1 -1 5 5 -11 3 -5 12 1 -11 1 3 -1 -3 8 5 -13 1 3 -5 -4 5 7 -3 -5 -4 7 -3 1 0 -7 -3 -8 11 0
canonical_upper 196 -12 -5 -3 1 1 1 3 5 9 8 1 3 5 5 -11 -5 -1 12 1 -11 1 3 -1 -3 0 3 -11 -3 11 -5 -4 5 7 1 -7 -4 7 -7 3 0 1 -7 -8 3 8
canonical_upper 197 -12 -5 -3 1 1 1 3 5 9 8 3 -3 3 7 -11 1 -3 4 9 1 -11 1 3 -7 0 -13 5 3 -1 -1 4 -3 9 1 -3 4 5 -7 -1 0 -5 -5 -8 11 0
canonical_upper 198 -12 -5 -3 1 1 1 3 5 9 8 3 -3 3 7 -11 1 -3 4 13 -7 -3 1 -5 -3 -8 -3 -5 3 3 -1 -4 5 9 5 -9 -4 5 -11 5 0 -5 -5 8 -1 8
canonical_upper 199 -12 -5 -3 1 1 1 3 5 9 8 7 -3 1 3 -3 -11 3 0 -5 1 -5 9 5 -9 4 -3 13 3 -3 -7 4 3 -13 9 -3 -8 -3 -3 -1 0 3 1 -4 -1 8
canonical_upper 200 -12 -5 -3 1 1 1 3 5 9 8 9 -7 -5 1 5 -5 -1 -8 3 1 7 -5 3 -7 8 1 7 -1 -11 -1 4 -5 9 5 -11 -8 -9 5 1 0 -7 5 4 1 4
canonical_upper 201 -12 -5 -3 1 1 1 3 5 9 12 -3 -3 -1 5 5 -7 -3 8 3 11 -1 -5 -7 -3 0 -1 -7 11 5 -9 -12 3 -3 -1 3 0 -9 11 -3 -4 -1 3 0 -5 8
canonical_upper 202 -12 -5 -3 1 1 1 3 5 9 12 1 -7 -3 7 -3 1 -3 8 11 -7 -5 -1 1 -5 -8 7 -1 -1 1 -3 8 7 -5 -1 -7 -12 5 -1 -1 12 -9 -1 -8 11 0
canonical_upper 203 -12 -5 -3 1 1 1 3 5 9 12 3 -9 -1 5 -3 -1 -1 0 3 9 -9 5 1 -9 0 5 11 -3 -1 -7 -8 -5 -7 7 -1 4 -1 -5 -1 12 -7 1 -8 9 0
canonical_upper 204 -12 -5 -3 1 1 1 3 5 9 12 7 -5 -3 -1 -3 -5 3 -8 1 3 3 5 3 -11 0 7 11 -7 -7 -1 4 -9 7 -9 -1 0 -7 5 -3 -4 9 -3 0 -1 8
canonical_upper 205 -12 -5 -1 -1 -1 1 5 7 7 -4 5 7 7 5 -1 -9 -5 0 3 7 -13 -3 5 -3 4 -9 1 -9 -3 7 -4 1 7 -1 -7 8 -1 3 -5 0 -7 9 8 -3 0
canonical_upper 206 -12 -5 -1 -1 -1 1 5 7 7 0 -1 7 9 1 3 -11 -3 12 7 -5 -5 -7 1 -1 -12 1 -1 5 -1 -5 -8 9 -5 -3 3 0 -9 9 -5 8 3 -3 0 -5 12
canonical_upper 207 -12 -5 -1 -1 -1 1 5 7 7 0 -1 9 11 -1 -7 -3 -3 16 -3 -3 -1 -3 -3 -1 -12 5 5 -1 1 -3 -8 -5 1 -5 5 4 7 3 -13 4 -11 5 8 3 0
canonical_upper 208 -12 -5 -1 -1 -1 1 5 7 7 0 1 3 13 -1 1 -9 -3 0 13 -9 3 -3 -5 1 -8 -5 3 1 -3 -3 0 3 -3 1 1 -4 -9 11 -7 12 1 -5 0 -3 12
canonical_upper 209 -12 -5 -1 -1 -1 1 5 7 7 0 3 5 13 -5 -3 -5 -3 8 -7 -3 3 9 -7 -5 12 -7 1 3 -3 -3 0 -1 -7 3 3 12 -9 3 -5 -4 1 5 -8 9 -8
canonical_upper 210 -12 -5 -1 -1 -1 1 5 7 7 4 -5 3 9 3 5 -9 -5 8 3 1 5 -5 5 -11 12 -5 -9 -3 -3 3 -8 9 -5 -3 3 -8 -5 1 3 8 7 -7 -8 3 4
canonical_upper 211 -12 -5 -1 -1 -1 1 5 7 7 4 -3 1 13 1 -5 -7 1 8 7 -7 7 -7 -5 1 0 3 -5 -3 9 -11 -8 -1 1 1 -1 -4 11 -9 -1 4 1 -7 0 3 8
canonical_upper 212 -12 -5 -1 -1 -1 1 5 7 7 4 -1 1 7 5 -1 -13 3 4 11 3 -11 -5 1 -1 0 -9 3 5 -3 -7 4 1 -9 7 -3 0 7 3 -9 -8 1 5 0 -3 8
canonical_upper 213 -12 -5 -1 -1 -1 1 5 7 7 8 -7 -1 9 5 -1 -7 -1 4 13 1 -1 1 -7 -3 -8 1 5 -5 -1 -3 -8 -3 7 3 -9 -4 -13 5 5 4 -1 3 8 -7 8
canonical_upper 214 -12 -5 -1 -1 -1 1 5 7 7 8 -7 1 11 1 -5 -3 -1 4 13 1 -1 1 -7 -3 -8 1 1 -5 -5 3 -8 -7 7 -1 -3 12 -5 5 -7 4 7 -9 -8 5 8
canonical_upper 215 -12 -5 -1 -1 -1 1 5 7 7 8 -7 3 5 7 -7 -5 1 8 11 -3 3 -3 -3 -5 -8 5 -5 -7 1 1 4 -11 7 1 -7 4 7 -5 -1 4 1 -7 -8 11 0
canonical_upper 216 -12 -5 -1 -1 -1 1 5 7 7 8 -7 3 5 7 -7 -5 1 12 5 1 1 -5 -7 1 -8 -1 7 5 1 -11 8 -13 5 -3 -1 -4 -1 3 -1 -4 9 -7 -8 3 8
canonical_upper 217 -12 -5 -1 -1 -1 1 5 7 7 8 -7 5 9 -1 -7 -1 -1 12 -1 7 1 -5 -5 -1 -8 1 7 9 -5 -7 -8 -9 1 -3 3 8 -5 5 -7 8 -5 -1 -4 11 -4
canonical_upper 218 -12 -5 -1 -1 -1 1 5 7 7 8 -5 -3 7 9 -5 -3 -3 12 3 -1 3 -7 -7 3 4 3 -1 9 -1 -13 4 -13 1 -5 5 0 -1 5 -3 -8 7 -1 -8 5 0
canonical_upper 219 -12 -5 -1 -1 -1 1 5 7 7 8 -3 3 3 5 -9 -7 5 4 1 13 -9 1 -3 -3 -8 1 9 7 -3 -9 -8 -3 -5 3 -3 -4 3 5 -7 4 -9 3 8 -1 8
canonical_upper 220 -12 -5 -1 -1 -1 1 5 7 7 8 -1 1 7 -3 -1 -11 5 8 5 1 -3 -13 5 -1 -8 -1 13 -1 -3 -5 0 -7 7 5 -11 4 3 -5 -3 -4 5 -1 -4 1 8
canonical_upper 221 -12 -5 -1 -1 -1 1 5 7 7 8 1 1 5 -1 -7 -9 7 -8 3 1 11 5 -5 -7 -4 11 -7 3 3 -9 -8 -5 -3 5 -5 8 -5 1 -3 8 -9 3 4 3 4
canonical_upper 222 -12 -5 -1 -1 -1 1 5 7 7 12 -7 1 1 5 -1 -7 1 0 5 13 -1 1 -5 -5 0 -5 7 1 5 -13 0 -1 -7 -5 5 -12 -5 7 -1 12 -7 1 0 5 0
canonical_upper 223 -12 -5 -1 -1 -1 1 5 7 7 12 -5 -1 7 -1 -7 -1 1 0 5 1 13 -5 -1 -7 0 7 -7 7 1 -11 -12 -1 5 -5 -1 0 -5 -5 5 0 -7 7 12 -1 0
canonical_upper 224 -12 -5 -1 -1 -1 1 5 7 7 12 -5 1 3 -1 1 -9 3 -4 11 7 3 -7 1 -5 0 -7 5 -9 -3 3 8 -7 -1 5 -7 0 11 -3 -9 0 3 -3 -8 7 4
canonical_upper 225 -12 -5 -1 -1 -1 1 5 7 7 12 -5 3 3 -5 5 -5 -3 12 -1 3 -1 5 -3 -9 -4 -3 15 -3 -5 -1 8 -3 -13 5 1 0 -5 -3 1 0 3 3 -8 9 -8
canonical_upper 226 -12 -5 -1 -1 -1 1 5 7 7 12 -3 -3 1 7 -7 -3 1 0 11 3 -3 -1 -11 5 0 5 -3 -9 5 -5 -8 5 7 -1 -11 -12 7 1 -3 4 -5 -1 8 -1 8
canonical_upper 227 -12 -5 -1 -1 -1 1 5 7 7 12 1 1 1 -3 -9 -3 5 0 -5 1 11 5 -11 -1 0 9 3 -3 7 -11 0 -9 9 -5 -5 4 -5 3 -5 -4 -3 5 0 5 0
canonical_upper 228 -12 -5 -1 -1 -1 3 3 5 9 -4 5 7 7 -1 3 -1 -11 8 -5 5 -5 -11 1 3 12 -7 -1 -5 -1 1 -8 7 5 -3 -5 4 1 -13 5 0 9 -5 0 3 0
canonical_upper 229 -12 -5 -1 -1 -1 3 3 5 9 0 1 5 7 -5 9 -3 -9 12 -7 -3 5 -3 3 -7 0 5 11 -5 -7 -1 0 -7 -9 9 -1 0 -3 -7 3 8 -3 3 -4 7 -4
canonical_upper 230 -12 -5 -1 -1 -1 3 3 5 9 0 1 5 11 -5 5 -7 -5 0 -1 5 11 -11 1 -5 0 -9 5 9 1 -9 0 -7 -3 1 3 0 -3 -7 3 -4 -1 5 12 -5 4
canonical_upper 231 -12 -5 -1 -1 -1 3 3 5 9 4 -3 -1 11 -1 7 -5 -7 0 15 1 -1 -7 -3 -1 -4 -3 3 -1 -5 -3 0 -9 -7 5 3 -4 9 7 -7 0 -7 3 8 -5 8
canonical_upper 232 -12 -5 -1 -1 -1 3 3 5 9 4 -3 7 11 -5 -1 -7 -1 8 9 -7 -5 3 3 -7 -8 1 -3 -9 3 1 -8 7 1 -1 -3 4 -1 9 -9 12 -7 -1 -8 3 8
canonical_upper 233 -12 -5 -1 -1 -1 3 3 5 9 4 -1 3 13 -5 -1 -7 -1 16 -3 -3 -3 -1 -1 -3 8 -3 -5 -3 11 -7 -8 3 3 -5 1 4 11 1 -9 -12 1 -1 -8 3 8
canonical_upper 234 -12 -5 -1 -1 -1 3 3 5 9 4 -1 7 7 -11 3 1 -5 -4 -3 7 11 3 -3 -9 8 -5 5 -11 -1 1 -4 -1 5 -11 3 0 -3 -1 -3 -8 7 1 8 -5 8
canonical_upper 235 -12 -5 -1 -1 -1 3 3 5 9 8 1 5 7 -7 -5 -7 3 0 -7 9 -1 -1 9 -9 0 -1 11 5 -7 -5 -12 -1 -1 3 -3 4 -9 3 -3 12 -1 -3 -8 3 8
canonical_upper 236 -12 -5 -1 -1 -1 3 3 5 9 12 -1 -1 7 -7 -5 -1 1 -8 13 1 5 -1 -3 -5 4 -5 -1 -1 -9 1 -8 5 5 5 -9 0 -9 9 -5 12 -1 -3 -8 3 8
canonical_upper 237 -12 -3 -3 -3 -1 5 5 5 7 -8 3 9 9 -5 -5 1 -1 8 5 -7 -3 7 -9 -1 -4 -1 -3 -5 9 -7 8 3 -3 -9 1 4 9 1 -11 -8 -3 3 4 1 8
canonical_upper 238 -12 -3 -3 -3 -1 5 5 5 7 -8 7 7 5 -7 -1 5 -5 -8 7 5 -1 5 -7 -5 -8 5 5 -7 -1 -5 -8 -5 -5 -5 9 12 -3 -3 -3 12 -3 -3 12 -3 8
canonical_upper 239 -12 -3 -3 -3 -1 5 5 5 7 -8 7 9 5 -5 -5 -3 3 12 -5 -5 -1 3 -5 -3 8 -3 -5 -3 7 -5 12 5 -3 -7 -3 -8 9 5 -5 -8 7 -5 -8 -1 12
canonical_upper 240 -12 -3 -3 -3 -1 5 5 5 7 -8 7 11 -1 -1 1 1 -7 12 -5 -3 -5 -5 -1 3 0 3 1 3 1 -11 12 -1 -5 -9 5 0 -11 11 1 8 -1 5 -8 1 -4
canonical_upper 241 -12 -3 -3 -3 -1 5 5 5 7 -8 9 9 -1 -1 -1 3 -7 0 3 -1 -13 5 -1 1 0 -1 5 -13 -1 1 12 3 3 -11 -3 0 -3 7 -3 0 7 -3 -4 -5 12
canonical_upper 242 -12 -3 -3 -3 -1 5 5 5 7 -4 5 5 5 -11 1 7 -5 -4 5 5 1 7 -11 -5 -4 5 7 -11 1 -5 -8 -5 -5 -5 9 8 -1 -1 -3 8 -1 -3 8 -3 8
canonical_upper 243 -12 -3 -3 -3 -1 5 5 5 7 -4 5 5 5 -9 -3 9 -5 -4 5 5 -3 9 -9 -5 -4 5 9 -9 -3 -5 -8 -5 -5 -5 9 8 -1 -1 -3 8 -1 -3 8 -3 8
canonical_upper 244 -12 -3 -3 -3 -1 5 5 5 7 -4 5 5 7 -13 1 1 1 0 3 1 3 -9 9 -9 0 1 3 9 -9 -9 0 1 -9 -9 9 8 -3 -3 -1 4 1 1 4 1 0
canonical_upper 245 -12 -3 -3 -3 -1 5 5 5 7 0 -3 3 11 -1 -1 5 -11 8 9 -5 -5 7 -5 -3 0 -1 5 -13 -1 1 4 -5 1 -9 5 -8 -5 9 5 4 3 -1 0 -7 4
canonical_upper 246 -12 -3 -3 -3 -1 5 5 5 7 0 3 3 5 -13 5 5 -5 0 3 5 5 -13 5 -5 0 5 5 5 -13 -5 -8 -5 -5 -5 9 4 1 1 -3 4 1 -3 4 -3 8
canonical_upper 247 -12 -3 -3 -3 -1 5 5 5 7 0 3 3 5 -7 -7 11 -5 0 3 5 -7 11 -7 -5 0 5 11 -7 -7 -5 -8 -5 -5 -5 9 4 1 1 -3 4 1 -3 4 -3 8
canonical_upper 248 -12 -3 -3 -3 -1 5 5 5 7 4 1 1 5 -13 5 5 -5 4 1 5 5 -13 5 -5 4 5 5 5 -13 -5 -8 -5 -5 -5 9 0 3 3 -3 0 3 -3 0 -3 8
canonical_upper 249 -12 -3 -3 -3 -1 5 5 5 7 4 1 1 5 -7 -7 11 -5 4 1 5 -7 11 -7 -5 4 5 11 -7 -7 -5 -8 -5 -5 -5 9 0 3 3 -3 0 3 -3 0 -3 8
canonical_upper 250 -12 -3 -3 -3 -1 5 5 5 7 8 -1 -1 5 -11 1 7 -5 8 -1 5 1 7 -11 -5 8 5 7 -11 1 -5 -8 -5 -5 -5 9 -4 5 5 -3 -4 5 -3 -4 -3 8
canonical_upper 251 -12 -3 -3 -3 -1 5 5 5 7 8 -1 -1 5 -9 -3 9 -5 8 -1 5 -3 9 -9 -5 8 5 9 -9 -3 -5 -8 -5 -5 -5 9 -4 5 5 -3 -4 5 -3 -4 -3 8
canonical_upper 252 -12 -3 -3 -3 -1 5 5 5 7 12 -3 -3 5 -7 -1 5 -5 12 -3 5 -1 5 -7 -5 12 5 5 -7 -1 -5 -8 -5 -5 -5 9 -8 7 7 -3 -8 7 -3 -8 -3 8
canonical_upper 253 -12 -3 -3 -3 1 1 5 7 7 -8 3 11 3 5 -7 -3 -1 4 -5 7 3 7 -9 -7 8 -7 -1 1 1 -5 0 1 -9 9 -5 -8 -5 -7 11 8 1 -1 4 -3 4
canonical_upper 254 -12 -3 -3 -3 1 1 5 7 7 -8 9 9 -1 -1 3 -7 -1 0 3 -11 7 -1 1 -5 0 7 -11 -1 1 -5 8 5 -5 -3 -1 8 -5 -3 -1 -4 -5 13 12 -3 -4
canonical_upper 255 -12 -3 -3 -3 1 1 5 7 7 -4 -1 15 -1 -1 3 -5 -3 8 -3 -1 11 -3 1 -9 0 1 -5 -1 1 -5 8 1 -13 -3 7 -8 5 -7 3 0 -3 7 12 -3 -4
canonical_upper 256 -12 -3 -3 -3 1 1 5 7 7 -4 1 7 -3 13 -3 -5 -3 8 -1 5 -5 7 -11 -1 0 9 -1 -7 5 -9 -4 -9 -7 3 5 0 1 -3 3 4 7 -7 0 -3 8
canonical_upper 257 -12 -3 -3 -3 1 1 5 7 7 -4 1 13 -3 1 3 -9 1 0 3 13 -1 -9 1 -5 0 -5 -7 3 1 -5 -4 1 -7 -1 5 12 5 -5 -7 -8 5 3 8 -7 8
canonical_upper 258 -12 -3 -3 -3 1 1 5 7 7 0 -5 11 3 5 -7 -7 3 12 -3 5 5 -3 -1 -7 0 3 -3 7 -3 -9 0 -13 -7 5 3 4 1 -5 5 4 7 -7 -8 5 0
canonical_upper 259 -12 -3 -3 -3 1 1 5 7 7 0 -3 3 7 7 5 -11 -5 8 9 -9 3 -5 -3 3 0 7 -11 -1 1 -5 -4 -1 -1 7 -7 8 -7 1 -1 0 -7 11 4 1 -4
canonical_upper 260 -12 -3 -3 -3 1 1 5 7 7 0 3 3 -7 11 5 -7 -5 0 3 5 5 -13 5 -5 0 11 -7 5 -7 -5 -4 -7 -3 -1 5 -4 -3 -1 5 4 3 -3 8 -7 8
canonical_upper 261 -12 -3 -3 -3 1 1 5 7 7 0 3 3 -5 13 -7 -5 1 0 3 1 1 11 -5 -11 0 13 -5 -7 -5 1 -4 -7 -3 5 -1 -4 -3 5 -1 4 -3 3 8 -7 8
canonical_upper 262 -12 -3 -3 -3 1 1 5 7 7 4 -3 1 1 9 7 -9 -7 16 -1 -3 -1 -1 -3 -1 8 11 -7 -5 1 -5 -12 1 -3 3 1 4 -11 -1 5 8 1 -1 -8 9 -8
canonical_upper 263 -12 -3 -3 -3 1 3 3 5 9 -8 5 7 9 -3 3 -5 -5 0 11 -5 -3 -9 5 -1 -8 -3 -3 3 1 -5 8 1 -5 -9 3 12 -3 5 -9 12 -1 -3 -8 7 4
canonical_upper 264 -12 -3 -3 -3 1 3 3 5 9 -8 5 11 1 -5 5 -1 -5 -4 5 5 9 -5 -9 -3 -4 -7 -3 7 -3 -3 12 -7 -5 1 -1 8 -7 3 -1 -8 5 5 8 -9 8
canonical_upper 265 -12 -3 -3 -3 1 3 3 5 9 -8 7 7 1 1 7 -7 -5 4 1 1 7 -11 -7 1 8 -5 -11 -1 5 -1 -4 7 1 9 -11 -8 1 -1 1 8 -7 -1 4 -1 8
canonical_upper 266 -12 -3 -3 -3 1 3 3 5 9 -8 7 9 -3 3 5 -5 -5 -8 9 3 3 -7 1 -5 0 -5 -9 -3 -1 3 8 -5 1 9 -9 12 -3 -1 -3 12 -7 -1 -8 7 4
canonical_upper 267 -12 -3 -3 -3 1 3 3 5 9 -8 7 11 1 -1 1 -7 -1 4 -7 1 5 7 -7 -7 8 1 -1 -7 -1 -1 -4 -11 7 9 -5 8 -7 5 -1 -8 -1 5 4 -7 8
canonical_upper 268 -12 -3 -3 -3 1 3 3 5 9 -4 -1 13 5 -7 3 -3 -3 16 -3 -1 -1 -3 -3 -1 4 -3 1 -9 1 -1 -8 -1 13 -1 -5 8 -3 9 -9 0 -1 -3 -12 5 8
canonical_upper 269 -12 -3 -3 -3 1 3 3 5 9 -4 -1 15 -1 -3 -1 3 -5 8 -3 11 3 -7 -3 -5 0 -5 3 -3 -1 -3 -8 -5 5 5 -3 4 1 -13 7 12 -3 -7 0 7 0
canonical_upper 270 -12 -3 -3 -3 1 3 3 5 9 -4 3 9 1 -9 5 5 -7 8 -1 -7 9 -5 3 -7 8 -1 -3 -5 -9 5 4 7 9 -7 -7 0 -3 -7 3 -8 7 -3 0 3 4
canonical_upper 271 -12 -3 -3 -3 1 3 3 5 9 -4 5 9 -1 -5 -3 9 -7 12 -3 1 -1 -7 -7 3 0 -5 9 3 -1 -9 8 -7 11 -3 -5 0 5 -9 5 -8 -3 -1 4 5 0
canonical_upper 272 -12 -3 -3 -3 1 3 3 5 9 -4 9 9 -5 -7 -1 5 -3 0 -3 -5 3 9 -1 -9 4 9 -7 -5 -5 1 0 11 -3 -5 -3 0 1 3 -7 0 -11 7 8 1 4
canonical_upper 273 -12 -3 -3 -3 1 3 3 5 9 4 1 1 9 -9 -3 7 -7 8 -1 -7 9 -1 3 -9 8 -1 -3 11 -9 -3 4 7 -7 -7 1 0 -3 -7 3 -8 3 5 0 5 -4
canonical_upper 274 -12 -3 -3 -1 -1 1 5 5 9 -8 5 3 9 7 -5 -5 -3 -4 5 3 -3 -1 9 -11 0 1 -7 11 -9 -3 0 -5 -11 -3 7 12 1 -3 -3 0 -1 1 8 -1 4
canonical_upper 275 -12 -3 -3 -1 -1 1 5 5 9 -8 7 1 7 7 -7 1 -5 -4 3 -3 9 5 -7 -7 0 9 -11 7 -5 -3 0 -5 -11 1 3 0 -3 -1 3 4 1 -1 12 -7 8
canonical_upper 276 -12 -3 -3 -1 -1 1 5 5 9 -8 7 1 11 3 -5 -3 -3 -4 3 -3 9 -7 5 -7 0 -3 1 13 -5 -9 8 -9 -1 -3 1 0 -5 -7 7 0 -1 1 12 -3 4
canonical_upper 277 -12 -3 -3 -1 -1 1 5 5 9 -8 7 5 7 5 -7 -5 -1 -4 3 -3 7 -5 7 -9 -4 -3 5 9 -11 -3 12 -9 -1 -1 -1 -8 -5 -1 5 8 1 -5 8 -3 8
canonical_upper 278 -12 -3 -3 -1 -1 1 5 5 9 -8 9 3 5 -1 -1 5 -9 -4 1 11 -7 -3 -3 -1 -8 1 11 5 -7 -5 -8 -3 -5 -5 5 8 -7 -1 -1 12 -3 -3 12 -3 8
canonical_upper 279 -12 -3 -3 -1 -1 1 5 5 9 -8 11 -1 5 3 -3 3 -7 0 3 -3 -3 -9 7 -3 12 -3 -1 -1 -11 3 12 -7 5 -5 -3 8 9 -1 -9 -8 -1 3 -4 7 0
canonical_upper 280 -12 -3 -3 -1 -1 1 5 5 9 -4 -3 7 9 1 1 3 -11 12 -1 5 1 -7 -7 3 0 -7 9 -9 5 -3 0 -9 5 3 -5 0 7 -9 -1 4 -7 1 0 7 0
canonical_upper 281 -12 -3 -3 -1 -1 1 5 5 9 -4 -3 7 9 5 -7 3 -7 12 -1 5 -5 5 -7 -3 0 -7 1 7 5 -11 0 -1 -11 3 3 8 1 -13 3 -4 1 3 0 3 0
canonical_upper 282 -12 -3 -3 -1 -1 1 5 5 9 -4 -3 7 9 5 -7 3 -7 16 -3 -1 -1 -1 -1 -3 -8 5 5 7 -7 -5 0 -13 1 3 -3 8 -3 -1 -1 4 -11 5 0 9 -4
canonical_upper 283 -12 -3 -3 -1 -1 1 5 5 9 -4 1 -1 9 9 -7 3 -7 0 9 7 -9 5 -5 -5 8 -11 1 -5 1 -1 0 -5 1 3 -3 8 3 -5 -3 4 -11 5 0 9 -4
canonical_upper 284 -12 -3 -3 -1 -1 1 5 5 9 -4 1 1 11 -1 1 5 -11 12 5 -1 -7 -7 -3 3 -8 1 11 1 -9 -1 -8 -3 7 1 -7 8 -7 -1 -1 4 -9 5 8 3 0
canonical_upper 285 -12 -3 -3 -1 -1 1 5 5 9 -4 1 5 7 5 -11 5 -5 8 -1 9 -9 3 -7 -1 8 -7 -5 5 5 -9 -8 5 -5 -1 1 8 5 -5 -5 4 -7 1 -4 9 0
canonical_upper 286 -12 -3 -3 -1 -1 1 5 5 9 -4 5 -5 9 5 -3 5 -9 -4 7 -3 11 -3 -7 -3 8 1 -7 7 -7 -3 8 -9 -7 -1 3 0 -3 -1 3 -4 11 -3 0 -5 8
canonical_upper 287 -12 -3 -3 -1 -1 1 5 5 9 -4 7 3 5 3 -13 3 -1 0 1 7 -11 3 3 -7 12 -11 1 1 -3 -3 -4 7 3 -1 -5 8 -1 -7 -1 8 -3 -3 -8 11 0
canonical_upper 288 -12 -3 -3 -1 -1 1 5 5 9 -4 9 1 3 7 -11 -3 1 8 -5 -7 -1 3 3 -7 8 5 -5 -5 9 -7 0 9 5 -9 -5 -8 -1 -7 5 8 1 -5 -4 5 4
canonical_upper 289 -12 -3 -3 -1 -1 1 5 5 9 -4 9 3 9 -7 -7 1 -1 0 5 -1 1 -1 -13 3 -8 -3 11 -7 3 -3 0 -7 7 5 -9 4 3 1 -7 8 -7 -1 4 1 8
canonical_upper 290 -12 -3 -3 -1 -1 1 5 5 9 -4 13 -3 -1 3 -3 5 -7 0 -1 1 -9 3 1 -5 16 -3 -1 -1 -3 -3 8 5 5 -13 -1 8 -9 5 -3 -8 -1 9 -4 5 -4
canonical_upper 291 -12 -3 -3 -1 -1 1 5 5 9 -4 13 -3 3 -3 -1 5 -7 4 1 -5 -5 1 -7 1 0 9 7 -5 -11 3 0 1 -11 7 -3 0 11 -3 -9 0 1 -1 4 -1 8
canonical_upper 292 -12 -3 -3 -1 -1 1 5 5 9 0 -7 5 11 3 -1 1 -9 12 7 -3 3 -3 -3 -3 -8 1 -7 7 3 -7 -8 7 1 -7 -1 0 -11 -3 7 4 -7 5 12 -1 0
canonical_upper 293 -12 -3 -3 -1 -1 1 5 5 9 0 -5 5 11 5 -9 -1 -3 8 1 3 1 9 -5 -9 4 -11 5 -3 7 -7 4 -5 -1 1 -1 0 -1 -13 7 -8 3 5 4 -1 0
canonical_upper 294 -12 -3 -3 -1 -1 1 5 5 9 0 -3 5 11 -5 -1 5 -9 4 3 5 9 -5 -11 1 -8 -3 5 9 -1 -9 0 -9 -5 -3 5 0 -5 7 -3 8 -7 1 4 1 4
canonical_upper 295 -12 -3 -3 -1 -1 1 5 5 9 0 -3 5 11 -5 -1 5 -9 12 -1 5 1 -7 -7 3 -8 1 9 7 -5 -7 -8 -9 1 1 -1 8 -3 3 -5 4 -11 5 4 5 0
canonical_upper 296 -12 -3 -3 -1 -1 1 5 5 9 0 -3 5 11 3 -11 -1 -1 12 -1 5 -5 5 -7 -3 -8 1 5 3 7 -11 -8 -5 -7 1 3 8 5 -11 -1 -4 5 -1 4 -3 8
canonical_upper 297 -12 -3 -3 -1 -1 1 5 5 9 0 -1 1 3 11 -9 5 -7 4 7 9 -5 -5 -9 3 4 -11 5 5 -7 -3 4 -5 3 3 -5 -8 -3 5 -1 8 3 -7 -8 3 8
canonical_upper 298 -12 -3 -3 -1 -1 1 5 5 9 0 1 -1 13 3 -9 -5 1 4 -3 3 1 11 -3 -11 16 -3 -1 -1 -3 -3 -8 1 -3 -5 3 -8 -5 13 -5 0 -3 5 4 -3 4
canonical_upper 299 -12 -3 -3 -1 -1 1 5 5 9 0 1 3 13 -9 -1 1 -5 4 1 3 9 -11 -7 3 -8 1 7 9 -3 -9 -8 -7 -1 -1 1 0 1 3 -5 4 -7 1 12 -3 8
canonical_upper 300 -12 -3 -3 -1 -1 1 5 5 9 0 3 -1 5 1 -7 11 -9 0 -1 5 1 11 -7 -9 16 -3 -3 -3 -3 -1 -8 11 -5 -5 1 -4 -7 -7 7 4 1 1 4 1 0
canonical_upper 301 -12 -3 -3 -1 -1 1 5 5 9 0 3 -1 5 1 -7 11 -9 0 11 5 -5 -7 -7 3 0 -3 -7 9 -3 -5 -8 11 -5 -5 1 4 5 -7 -3 4 1 -5 4 1 8
canonical_upper 302 -12 -3 -3 -1 -1 1 5 5 9 0 3 -1 5 7 -13 5 -3 0 -1 5 7 5 -13 -3 12 -7 1 3 3 -9 4 -9 5 5 -7 -4 -5 -5 7 0 -3 3 0 3 0
canonical_upper 303 -12 -3 -3 -1 -1 1 5 5 9 0 3 -1 5 7 -13 5 -3 0 11 5 -11 -1 -1 -3 4 -11 3 1 -5 -1 4 -3 7 1 -7 8 3 -3 -5 4 -5 -1 -8 11 0
canonical_upper 304 -12 -3 -3 -1 -1 1 5 5 9 4 -7 3 13 1 -5 -3 -3 12 3 1 5 -3 -7 -1 -8 1 1 9 3 -11 -8 -1 -1 -7 3 -8 -9 11 -1 8 -3 -1 4 -3 8
canonical_upper 305 -12 -3 -3 -1 -1 1 5 5 9 4 -3 1 3 1 1 9 -13 8 -1 1 11 -9 -3 -1 8 9 -9 -7 -3 3 -8 1 7 -9 -3 -8 5 -1 -1 4 -7 1 4 5 0
canonical_upper 306 -12 -3 -3 -1 -1 1 5 5 9 8 -1 -9 5 7 -3 3 -7 8 3 5 -11 3 3 -7 8 1 9 -7 -1 -3 -8 3 7 -11 -1 -4 -3 -3 1 -4 -7 9 8 3 -4
canonical_upper 307 -12 -3 -3 -1 -1 1 5 5 9 12 -3 -1 5 -5 -7 5 -3 12 3 5 -7 -1 -7 1 0 -3 1 9 5 -13 -8 11 -5 -5 1 8 -1 -5 -3 -8 7 1 -8 3 4
canonical_upper 308 -12 -3 -3 -1 1 1 1 7 9 -8 1 7 3 5 7 -3 -9 12 1 5 -3 -9 -5 1 8 -11 -7 3 1 -1 -4 5 1 7 -7 -4 9 -9 3 -8 -3 -1 8 -3 8
canonical_upper 309 -12 -3 -3 -1 1 1 1 7 9 -8 3 11 -1 3 5 -3 -7 8 -5 9 -9 3 -3 -3 0 -7 -1 5 5 -7 -4 9 -7 3 -3 8 -3 -7 -1 -4 -9 9 8 -1 4
canonical_upper 310 -12 -3 -3 -1 1 1 1 7 9 -8 5 9 -3 3 7 -5 -5 -4 3 13 -1 -3 -7 -3 0 -9 5 -5 -7 5 4 -3 -3 1 -1 0 -7 11 -9 12 1 -3 0 -1 8
canonical_upper 311 -12 -3 -3 -1 1 1 1 7 9 -8 11 1 -1 1 7 -1 -7 8 -3 -1 -7 -3 -5 3 -4 11 9 -3 -7 -3 4 -5 -9 5 -5 0 7 -9 3 0 7 -7 4 -1 8
canonical_upper 312 -12 -3 -3 -1 1 1 1 7 9 -4 -3 9 -1 5 9 -5 -7 16 -1 -1 -3 -1 -3 -1 0 -1 -7 1 9 -9 8 9 -11 1 -5 -4 5 -9 3 -4 -5 5 0 5 0
canonical_upper 313 -12 -3 -3 -1 1 1 1 7 9 -4 9 9 -7 -3 5 -5 -1 0 -1 1 7 -5 -11 3 0 -7 1 -1 9 -9 4 9 7 -1 -7 -4 -11 3 -3 8 -3 -1 0 1 8
canonical_upper 314 -12 -3 -3 -1 1 1 1 7 9 0 -3 5 -5 5 11 -1 -9 12 -1 1 1 1 -11 3 -8 9 7 -5 1 -7 8 -9 -3 3 -5 4 -11 1 1 4 1 1 -8 7 0
canonical_upper 315 -12 -3 -3 -1 1 1 1 7 9 0 -3 11 -5 1 7 1 -9 12 5 1 -3 -3 -9 3 -8 -9 1 1 1 -1 8 3 9 -3 -5 12 -11 -1 -3 -4 3 -3 -8 9 0
canonical_upper 316 -12 -3 -3 -1 1 1 1 7 9 0 3 -1 -5 1 13 1 -9 0 -1 13 1 -5 1 -9 16 -3 -3 -3 -3 -1 -4 5 -7 -1 1 -4 5 -13 7 -4 -1 1 8 1 0
canonical_upper 317 -12 -3 -3 -1 1 1 1 7 9 0 3 -1 -5 1 13 1 -9 0 11 1 -5 1 -11 3 0 5 -7 -7 5 -5 -4 13 -7 -1 -3 4 1 -5 -3 -4 -1 3 8 -3 8
canonical_upper 318 -12 -3 -3 -1 1 1 1 7 9 0 3 5 -11 7 7 -5 -3 0 5 7 -11 7 -5 -3 4 -3 -3 -9 9 -7 8 5 -1 -1 -5 8 -1 -1 -5 -4 -7 7 -4 7 0
canonical_upper 319 -12 -3 -3 -1 1 1 1 7 9 0 3 5 -5 -5 13 -5 -3 0 5 -5 13 -5 -5 -3 4 -1 -7 -7 9 -7 12 3 3 1 -9 0 -3 -5 3 0 -5 3 -4 7 0
canonical_upper 320 -12 -3 -3 -1 1 1 1 7 9 0 9 5 -5 -5 1 7 -9 4 3 1 1 -11 -7 3 -8 -5 1 11 -7 1 4 13 -3 1 -7 -8 3 -5 -1 4 -3 -3 8 -1 8
canonical_upper 321 -12 -3 -3 -1 1 1 1 7 9 4 5 -11 1 5 7 -1 -7 8 3 3 -1 -13 1 -3 8 3 5 3 -7 -3 0 -15 7 1 -1 4 1 -1 1 0 -3 -3 -8 11 -4
canonical_upper 322 -12 -3 -3 -1 1 1 1 7 9 8 -1 5 -11 3 3 3 -7 8 5 7 -9 -3 3 -7 -8 3 9 -9 -3 -1 -4 5 5 -7 1 0 -3 -9 3 12 -3 -3 0 9 -4
canonical_upper 323 -12 -3 -3 1 1 1 1 3 11 -8 11 -3 -1 3 5 3 -7 8 -5 1 -1 -7 -5 1 4 9 9 -7 -3 -5 4 -11 5 -7 -1 0 -5 7 -3 4 9 -5 -8 1 8
canonical_upper 324 -12 -3 -3 1 1 1 1 3 11 -4 5 -5 -3 9 9 -1 -7 8 7 -3 -9 3 -7 -1 0 9 3 -11 -3 -1 -4 -1 -3 11 -7 8 -3 -7 -1 -4 7 1 0 -3 8
canonical_upper 325 -12 -3 -3 1 1 1 1 3 11 0 1 1 3 3 11 -11 -5 12 1 -11 1 -1 3 -3 -4 5 -13 5 7 -3 -4 5 1 7 -7 8 -5 1 -1 -8 -7 3 0 -3 8
canonical_upper 326 -12 -3 -3 1 1 1 1 3 11 0 3 -5 1 3 13 -7 -5 0 13 1 3 -5 -7 -5 -4 5 -3 -7 -1 1 -4 -13 5 7 -3 8 -3 5 -1 -4 -1 1 8 -7 8
canonical_upper 327 -12 -3 -1 -1 -1 -1 3 7 9 -8 1 3 7 11 -3 -3 -5 -4 9 -1 -5 11 -5 -5 0 5 -7 -5 -9 5 0 -3 -9 9 -7 8 1 -5 1 4 3 -5 4 -1 8
canonical_upper 328 -12 -3 -1 -1 -1 -1 3 7 9 -4 -1 3 3 5 7 3 -13 0 5 13 -7 -5 -5 1 8 -9 -3 5 -9 1 0 1 -5 1 -3 12 -3 -7 3 -8 9 -3 0 1 4
canonical_upper 329 -12 -3 -1 -1 -1 -1 3 7 9 0 -7 -1 5 11 3 1 -9 4 13 3 -5 -1 -1 -5 -8 -1 1 5 -5 -3 4 3 -15 -1 3 -8 5 -7 1 0 -1 1 12 -5 8
canonical_upper 330 -12 -3 -1 -1 -1 -1 3 7 9 0 -5 -5 9 9 5 -5 -5 8 5 -9 9 -1 -3 -3 8 9 -9 -1 -3 -3 -4 -1 -1 3 -5 -4 -1 3 -5 -4 -11 11 8 1 0
canonical_upper 331 -12 -3 -1 -1 -1 -1 3 7 9 0 -3 3 3 13 -9 -3 -1 0 7 9 -7 -1 5 -9 -4 7 -5 -1 -11 5 -12 -1 -1 -1 -3 0 5 1 -5 12 -5 -3 8 -1 8
canonical_upper 332 -12 -3 -1 -1 -1 -1 3 7 9 4 -11 1 5 9 3 -3 -5 8 5 1 3 5 -5 -5 0 3 5 -15 3 -1 8 -13 1 1 -5 0 1 -3 -1 4 -3 1 -8 11 -4
canonical_upper 333 -12 -3 -1 -1 -1 1 3 3 11 -8 -1 5 9 3 -1 5 -9 12 7 -7 1 -5 -5 -1 -8 1 -9 5 5 -5 -8 7 -1 5 -5 8 -3 -9 1 12 -9 -1 0 5 4
canonical_upper 334 -12 -3 -1 -1 -1 1 3 3 11 -4 -1 -1 7 -1 7 7 -11 8 5 -5 1 -11 7 -3 8 -5 1 7 -11 -3 0 13 -3 -3 -3 -4 -7 -7 3 0 3 1 0 1 4
canonical_upper 335 -12 -3 -1 -1 -1 1 3 3 11 -4 3 3 13 -5 -5 3 -5 0 -3 5 9 1 -13 -1 8 -3 -7 11 -3 -5 -4 -5 -7 1 1 4 5 5 -7 -8 -1 1 8 -3 8
canonical_upper 336 -12 -3 -1 -1 -1 1 3 3 11 -4 3 5 9 7 -7 -7 -3 -4 1 -7 9 -3 9 -7 -8 1 3 11 -7 -5 8 -9 -3 3 -1 -4 -5 -5 3 8 -1 -3 8 -3 8
canonical_upper 337 -12 -3 -1 -1 -1 1 3 3 11 0 -7 -1 11 7 -3 3 -7 4 13 -5 3 -1 -1 -5 -8 1 -3 -1 5 -5 -8 -3 5 5 -5 8 -5 -11 3 12 -9 -1 0 5 4
canonical_upper 338 -12 -3 -1 -1 -1 1 3 3 11 0 -7 -1 11 7 -3 3 -7 4 13 -1 -5 -1 3 -5 -8 -3 5 -1 1 -5 0 -11 3 5 -3 8 -1 -3 -1 12 -11 -1 -8 7 4
canonical_upper 339 -12 -3 -1 -1 -1 1 3 3 11 0 -7 3 11 -1 -3 7 -7 4 11 -5 7 -1 -3 -5 0 -3 -11 -1 5 -3 -8 5 5 1 -5 8 -5 -3 -1 12 -9 -1 -8 7 4
canonical_upper 340 -12 -3 -1 -1 -1 1 3 3 11 0 -5 -3 5 3 7 7 -11 0 9 11 -3 -7 -3 -1 4 -9 7 -5 3 -5 4 -5 1 -5 -1 0 9 -11 -1 -8 -3 3 8 1 4
canonical_upper 341 -12 -3 -1 -1 -1 1 3 3 11 0 -1 -1 5 7 -9 9 -7 -4 11 3 5 -1 -11 -1 -4 9 -7 -1 -5 -1 -8 -9 -1 5 -3 8 1 -5 -1 12 3 -7 0 1 8
canonical_upper 342 -12 -3 -1 -1 -1 1 3 3 11 0 -1 1 11 -9 3 5 -7 -8 7 1 9 5 -7 -5 12 -7 -5 -5 -1 -1 -8 1 5 3 -5 8 -3 3 -5 0 -13 5 4 3 4
canonical_upper 343 -12 -3 -1 -1 -1 1 3 3 11 0 1 1 5 -9 7 7 -9 8 5 -3 -1 -13 5 -1 8 -3 -1 5 -13 -1 -8 11 3 3 -7 8 -3 -3 -3 -4 -1 3 -4 3 4
canonical_upper 344 -12 -3 -1 -1 -1 1 3 3 11 4 -7 -3 13 3 -3 1 -5 0 11 -3 3 -3 7 -7 -8 1 -1 7 1 -7 -8 -5 3 3 -3 12 -5 -9 1 8 -11 1 0 5 4
canonical_upper 345 -12 -3 -1 -1 -1 1 3 3 11 4 -7 1 5 11 -7 1 -5 0 1 11 -5 7 1 -7 8 -11 -1 3 7 -7 0 -1 -3 3 -3 -4 7 -9 1 0 -11 1 0 5 4
canonical_upper 346 -12 -3 -1 -1 -1 1 3 3 11 4 -5 -1 11 -1 -7 7 -5 8 1 7 5 -3 -11 -1 8 1 -11 9 -1 -5 -8 -3 -7 -1 1 4 7 5 -7 -4 5 -3 -8 1 8
canonical_upper 347 -12 -3 -1 -1 -1 1 3 3 11 4 3 7 7 -9 -9 1 -1 0 -1 5 -3 11 -11 -3 0 -9 -3 5 9 -7 0 9 -7 -3 -1 4 1 7 -7 0 -3 -1 -4 1 8
canonical_upper 348 -12 -3 -1 -1 -1 1 3 3 11 12 -5 -3 1 7 -7 1 -3 -4 5 13 1 1 -7 -3 -8 3 -1 5 9 -9 0 -5 -9 -3 1 -4 11 -9 -1 0 -1 -3 8 -1 8
canonical_upper 349 -12 -3 -1 -1 -1 1 3 3 11 12 -3 3 5 -1 -7 -7 1 0 13 -3 -5 -3 7 -5 -4 -3 -7 5 -3 -3 -8 11 3 3 -7 -4 3 7 -5 8 -11 -1 0 1 8
canonical_upper 350 -12 -1 -1 -1 -1 -1 1 5 11 -8 -5 1 1 13 3 1 -5 0 9 9 -9 3 -3 -3 -4 -7 -3 9 3 -7 8 3 -9 -3 -1 0 3 -3 -3 -4 -9 3 12 -3 8
canonical_upper 351 -12 -1 -1 -1 -1 -1 1 5 11 -8 -3 1 1 3 9 7 -9 16 -3 -1 -1 -3 -1 -3 4 13 -3 -9 1 -3 -8 5 -3 -5 -1 0 9 -13 1 -4 3 -3 4 -1 8
canonical_upper 352 -12 -1 -1 -1 -1 -1 1 5 11 0 -7 -3 -3 11 9 -1 -5 0 5 11 3 -3 -9 1 4 -3 5 -9 9 -7 0 -7 9 -1 -5 0 -3 -9 1 -4 3 -3 4 -1 8
canonical_upper 353 -12 -1 -1 -1 -1 -1 1 5 11 0 -7 -3 -1 11 9 -5 -3 0 11 -3 3 -3 7 -7 0 -1 -7 9 -5 -3 16 -3 -3 -1 -3 0 -3 7 -7 -4 -9 3 -4 5 4
canonical_upper 354 -8 -11 -3 1 3 3 3 5 7 8 1 7 -1 -1 5 -3 -5 12 -3 1 1 -11 -1 3 -8 -9 -3 3 5 7 4 7 7 -9 -3 -8 1 9 -9 -8 -3 3 4 -7 4
canonical_upper 355 -8 -11 -3 1 3 3 3 5 7 8 3 3 -3 -1 5 3 -7 4 1 9 1 -13 -3 1 4 -7 -7 1 -7 11 -8 9 -1 -1 -1 -4 9 -7 -3 0 -3 -1 12 1 -8
canonical_upper 356 -8 -11 -3 1 3 3 3 5 7 8 3 5 -3 3 3 -7 -1 4 -9 7 -1 1 7 -9 8 3 -3 -9 5 -1 4 -13 1 -5 3 -4 5 7 3 -8 -5 9 0 -7 -4
canonical_upper 357 -8 -11 -3 1 3 3 3 5 7 8 5 -3 -1 1 7 -1 -5 4 3 -3 -3 -13 5 5 12 1 -3 1 -11 -1 0 13 -5 1 -9 -8 -1 3 -5 4 -1 5 -8 7 -4
canonical_upper 358 -8 -11 -3 1 3 3 3 5 7 8 5 -1 -1 3 5 -7 -1 -4 9 5 -1 -11 3 -3 -8 -3 3 -5 9 -5 8 -13 1 -3 3 -4 -1 1 9 8 5 -5 -4 -9 4
canonical_upper 359 -8 -11 -3 1 3 3 3 5 7 8 5 1 -5 -1 7 -1 -3 -4 -1 11 5 -7 1 -7 12 1 -7 -5 -7 5 -4 -1 -7 7 -5 8 -1 -11 5 -4 7 7 0 -1 -8
canonical_upper 360 -8 -11 -3 1 3 3 3 5 7 8 5 5 -5 -1 3 -5 1 -4 -5 5 7 1 5 -11 4 5 -3 -13 1 5 8 -9 3 -3 -7 -4 -3 11 -1 4 -5 7 -8 -1 0
canonical_upper 361 -8 -11 -3 1 3 3 3 5 7 8 7 1 -7 -1 3 1 -1 -8 5 7 3 -9 1 -3 -4 9 -11 -1 -5 5 0 3 -1 -7 -7 4 1 7 -9 12 -7 -1 -4 9 0
canonical_upper 362 -8 -11 -1 -1 1 3 5 5 7 8 -1 5 5 3 -7 -1 -1 8 5 -1 -11 3 5 -7 -4 -13 7 3 -1 -1 8 -3 5 -1 -1 -4 7 -5 3 0 -9 -7 -4 11 -4
canonical_upper 363 -8 -11 -1 -1 1 3 5 5 7 8 1 5 -1 7 -5 -1 -3 12 -7 5 -7 -5 1 1 -4 9 -3 9 -5 -3 -8 -7 7 -5 -1 -4 -3 5 9 -8 3 -3 8 -11 4
canonical_upper 364 -8 -11 -1 -1 1 3 5 5 7 8 1 7 -3 3 -3 3 -5 -4 1 11 -1 7 -9 -5 -8 3 -11 -1 5 5 0 -1 -7 -9 5 12 -3 -1 -1 8 3 -9 -4 7 -4
canonical_upper 365 -8 -11 -1 -1 1 3 5 5 7 8 3 5 3 -7 -1 3 -3 -4 5 -3 9 -11 -3 5 -8 -9 7 5 1 -5 12 1 1 -7 1 0 1 -9 -5 4 5 -9 -4 9 0
canonical_upper 366 -8 -11 -1 -1 1 3 5 5 7 8 3 7 -5 3 -3 1 -3 -4 -1 7 -7 9 3 -9 -8 5 -5 -7 1 9 8 -1 -3 -11 -1 12 3 -7 -1 -4 7 -7 -4 5 0
canonical_upper 367 -8 -11 -1 -1 1 3 5 5 7 8 3 7 1 -7 -1 1 -1 -4 -5 5 7 -1 7 -11 -4 -1 7 -5 -7 9 -8 3 11 -7 -5 4 -9 -5 -3 4 -5 1 8 3 0
canonical_upper 368 -8 -11 -1 -1 1 3 5 5 7 12 -3 1 1 -3 1 3 -1 8 1 11 -5 1 -7 -5 8 -7 7 -1 -11 3 -8 3 -1 5 -5 4 -9 7 -7 -8 1 11 -4 1 -4
canonical_upper 369 -8 -11 -1 -1 1 3 5 5 7 12 -1 -1 -1 -1 3 3 -3 4 7 3 -5 -13 5 1 4 3 -5 5 -13 1 -8 13 -3 -3 -5 4 -1 -1 -7 0 -3 7 0 7 -8
canonical_upper 370 -8 -11 -1 -1 1 3 5 5 7 12 1 1 -5 -1 1 1 1 0 -3 9 3 -11 7 -5 0 9 3 7 -11 -5 -4 -3 1 1 -9 4 -9 -9 9 0 3 3 0 3 -4
canonical_upper 371 -8 -11 -1 1 1 1 3 7 7 8 -1 1 1 7 3 -7 -1 4 5 11 -9 -1 -1 -7 -8 1 7 -9 7 -5 -8 -5 -3 -5 7 -4 -5 7 1 12 3 -3 -4 -7 8
canonical_upper 372 -8 -11 -1 1 1 1 3 7 7 8 3 -1 1 1 7 -7 -1 -4 -5 5 11 -9 3 -3 12 7 -5 -1 -1 -7 -8 1 -9 -5 7 -8 -3 7 -5 4 7 1 -4 -7 8
canonical_upper 373 -8 -11 -1 1 1 1 3 7 7 8 9 -1 1 1 -5 -1 -1 -8 3 -7 -7 5 3 3 -8 1 1 13 -5 -5 4 7 -3 -11 7 4 -3 7 -11 0 -5 -5 4 1 4
canonical_upper 374 -8 -11 -1 1 1 1 3 7 7 12 -3 -3 1 3 1 -1 1 4 3 3 -1 11 -7 -9 0 7 9 -11 -1 -5 0 -7 -5 -9 9 -4 -3 9 -7 0 3 1 -4 3 0
canonical_upper 375 -8 -11 -1 1 1 1 3 7 7 12 -1 -1 -1 3 -3 -1 3 4 3 11 -3 -7 3 -9 -8 -3 9 7 1 -9 0 -7 3 -9 5 -8 7 3 -5 0 -11 1 4 3 4
canonical_upper 376 -8 -11 -1 1 1 3 3 3 9 8 -1 1 9 -1 -1 1 -5 8 3 -9 -3 1 9 -7 0 -3 13 -9 -5 -1 -8 -1 1 3 7 -4 3 -9 -1 12 -5 -5 -4 7 -4
canonical_upper 377 -8 -11 -1 1 1 3 3 3 9 8 -1 5 5 -5 1 3 -5 8 -5 -1 9 -7 5 -7 -8 -7 3 11 1 -1 8 1 -5 -9 7 -4 7 -9 -5 -4 -5 -1 4 7 -4
canonical_upper 378 -8 -11 -1 1 1 3 3 3 9 8 1 3 3 -3 -3 7 -5 12 1 1 -3 -3 -11 3 -8 -5 -5 13 1 -1 -8 13 -5 1 -1 4 1 -3 -7 4 -3 -7 -4 9 0
canonical_upper 379 -8 -11 -1 1 1 3 3 3 9 8 3 1 7 -5 -3 3 -3 -4 -1 -9 7 3 9 -7 -8 7 9 3 -9 -3 -4 -1 -1 -7 7 4 -9 -3 -5 12 -3 -5 0 7 0
canonical_upper 380 -8 -11 -1 1 1 3 3 3 9 8 9 1 1 -5 -1 -1 -1 -8 -7 -7 5 3 3 3 4 7 -3 -9 9 -3 4 -3 9 -9 -3 0 7 7 -11 -4 -7 -1 -4 -1 8
canonical_upper 381 -8 -9 -7 3 3 3 5 5 5 0 13 -3 -1 3 -5 1 1 -4 1 1 -5 5 -3 -1 0 11 3 1 -5 -11 -4 -7 -5 7 -5 12 -5 -5 1 8 -9 5 0 9 -4
canonical_upper 382 -8 -9 -7 3 3 3 5 5 5 4 9 -7 1 1 -3 -3 7 0 7 -3 -3 3 3 -9 -4 5 5 1 1 -11 4 1 -15 3 1 4 3 -15 1 0 3 3 0 3 0
canonical_upper 383 -8 -9 -7 3 3 3 5 5 5 8 1 5 5 5 -5 -5 -5 12 -5 -5 -5 3 3 3 -8 1 1 -9 3 9 -8 1 3 9 -9 -8 9 -9 3 4 -5 -5 4 -5 4
canonical_upper 384 -8 -9 -7 3 3 3 5 5 5 8 1 5 5 5 -5 -5 -5 12 -5 -5 -5 3 3 3 -8 1 1 -7 -1 11 -8 1 -1 11 -7 -8 11 -7 -1 4 -5 -5 4 -5 4
canonical_upper 385 -8 -9 -7 3 3 3 5 5 5 8 1 5 5 5 -5 -5 -5 12 -5 -5 -5 3 3 3 -4 -1 -1 -11 7 7 -4 -1 7 -11 7 -4 7 7 -11 0 -3 -3 0 -3 0
canonical_upper 386 -8 -9 -7 3 3 3 5 5 5 8 1 5 5 5 -5 -5 -5 12 -5 -5 -5 3 3 3 -4 -1 -1 -5 -5 13 -4 -1 -5 13 -5 -4 13 -5 -5 0 -3 -3 0 -3 0
canonical_upper 387 -8 -9 -7 3 3 3 5 5 5 8 1 5 5 5 -5 -5 -5 12 -5 -5 -5 3 3 3 0 -3 -3 -11 7 7 0 -3 7 -11 7 0 7 7 -11 -4 -1 -1 -4 -1 -4
canonical_upper 388 -8 -9 -7 3 3 3 5 5 5 8 1 5 5 5 -5 -5 -5 12 -5 -5 -5 3 3 3 0 -3 -3 -5 -5 13 0 -3 -5 13 -5 0 13 -5 -5 -4 -1 -1 -4 -1 -4
canonical_upper 389 -8 -9 -7 3 3 3 5 5 5 8 1 5 5 5 -5 -5 -5 12 -5 -5 -5 3 3 3 4 -5 -5 -9 3 9 4 -5 3 9 -9 4 9 -9 3 -8 1 1 -8 1 -8
canonical_upper 390 -8 -9 -7 3 3 3 5 5 5 8 1 5 5 5 -5 -5 -5 12 -5 -5 -5 3 3 3 4 -5 -5 -7 -1 11 4 -5 -1 11 -7 4 11 -7 -1 -8 1 1 -8 1 -8
canonical_upper 391 -8 -9 -5 -1 1 5 5 5 7 0 7 9 5 -5 -3 1 -5 4 -5 -1 7 3 -11 1 -8 3 -3 1 9 -5 -8 -5 -7 1 11 8 -7 5 -5 12 -1 -3 -4 -5 4
canonical_upper 392 -8 -9 -5 -1 1 5 5 5 7 4 5 1 7 -7 1 5 -7 4 1 -3 5 5 -13 1 4 1 7 -15 1 1 -8 -9 -1 3 9 0 3 3 -7 0 3 -1 0 -7 4
canonical_upper 393 -8 -9 -5 -1 1 5 5 5 7 4 7 5 -1 -7 -5 7 -1 4 -7 3 7 -3 -9 3 0 7 -1 7 1 -11 -8 -3 9 -9 1 8 -3 3 -9 -8 -5 3 4 3 4
canonical_upper 394 -8 -9 -5 -1 1 5 5 5 7 4 9 3 -5 -3 -1 7 -5 0 -3 1 7 -5 -9 5 4 3 -9 11 -7 -1 12 3 -5 -1 -9 -8 -3 1 7 -8 1 5 8 -5 -4
canonical_upper 395 -8 -9 -5 -1 1 5 5 5 7 8 -1 3 9 -7 -3 -1 1 12 -3 -1 3 5 -1 -9 12 -9 5 -1 -5 -1 -8 1 -3 7 3 -4 -9 9 -3 4 -7 9 -8 1 -8
canonical_upper 396 -8 -9 -5 -1 1 5 5 5 7 8 1 9 -5 -5 -3 3 1 12 -9 3 -1 3 1 -5 -4 9 3 -1 -5 -1 0 5 3 -11 -5 0 -9 9 -7 -4 -5 11 0 3 -4
canonical_upper 397 -8 -9 -5 -1 1 5 5 5 7 8 5 -7 7 -3 -1 3 -3 0 9 -5 7 -9 -3 1 8 -1 -5 5 -1 -7 -4 -1 11 -9 1 -4 -5 -5 11 -4 -1 -1 12 -1 -8
canonical_upper 398 -8 -9 -5 -1 1 5 5 5 7 8 7 -1 -3 -7 -3 3 5 -4 1 7 9 -5 -5 -5 12 -7 -1 7 -5 -5 4 -1 5 5 -11 4 -7 -7 5 -8 7 -1 -8 5 0
canonical_upper 399 -8 -9 -5 1 1 1 5 7 7 0 9 3 3 7 -7 -3 -3 0 -5 -5 1 11 -3 -3 4 7 -5 -1 -11 7 4 -5 -1 7 -11 -4 -9 7 7 4 -1 -1 0 -3 0
canonical_upper 400 -8 -9 -5 1 1 1 5 7 7 4 3 -1 7 7 -3 -9 1 4 7 -5 1 -1 7 -11 4 3 -13 -5 -1 5 -8 -3 9 -7 3 0 -3 7 3 8 -1 -9 -4 1 0
canonical_upper 401 -8 -9 -5 1 1 1 5 7 7 4 9 -3 -1 5 -3 -7 5 -4 -3 9 -3 -1 5 -7 8 -1 11 -1 -3 -9 -8 -5 7 5 -7 -8 -5 -1 5 8 -11 1 4 1 4
canonical_upper 402 -8 -9 -5 1 1 1 5 7 7 4 9 -3 3 3 -9 -1 3 0 7 -9 -5 5 1 -3 -8 1 1 11 -5 -5 0 13 -1 -5 -3 -8 -1 1 -5 -4 -5 -1 12 -5 12
canonical_upper 403 -8 -9 -5 1 1 1 5 7 7 8 -3 3 3 9 -5 -3 -3 12 3 3 -5 5 -5 -5 0 -3 -5 -7 -5 13 0 -5 -7 13 -5 -4 11 -1 -1 0 -1 -1 -4 -1 -4
canonical_upper 404 -8 -9 -5 1 1 1 5 7 7 8 3 -7 -1 9 1 -3 -1 4 13 -5 -5 -1 -5 1 -4 5 -3 -5 1 -1 8 3 1 1 -13 -8 -7 7 3 12 -7 1 -8 7 -4
canonical_upper 405 -8 -9 -5 1 1 1 5 7 7 8 3 -3 -3 9 -5 -3 3 4 -1 5 -5 11 -5 -7 4 7 5 -7 5 -11 4 -7 -7 -7 7 -8 -1 7 -1 0 5 -1 -8 -1 4
canonical_upper 406 -8 -9 -5 1 1 1 5 7 7 8 9 -3 -3 -3 -5 3 3 -8 -1 5 5 5 -5 -5 8 5 5 -13 -1 -1 -4 -1 5 -13 5 -4 5 5 -13 0 -1 -1 4 1 4
canonical_upper 407 -8 -9 -5 1 1 1 5 7 7 8 9 -3 -3 -3 -5 3 3 -8 1 1 7 5 -5 -5 4 7 1 -7 -11 7 4 1 -7 7 -11 -8 11 -5 -5 0 -1 -1 4 1 4
canonical_upper 408 -8 -9 -5 1 1 1 5 7 7 12 -3 1 1 3 -7 1 1 12 5 5 -7 -1 -3 -3 -8 -5 3 3 -9 9 -8 3 3 9 -9 0 11 -7 -7 -8 -3 -3 4 1 4
canonical_upper 409 -8 -9 -5 1 1 1 5 7 7 12 -1 -3 -1 3 -1 -5 5 12 7 -3 -5 -5 3 -3 -8 1 1 11 -5 -5 0 13 -5 3 -9 -8 -1 1 -5 4 -9 1 -4 9 0
canonical_upper 410 -8 -9 -5 1 1 3 3 5 9 0 9 -1 7 1 1 1 -9 -4 7 -7 -1 7 -5 -1 8 -3 -5 -11 -1 5 0 7 -9 7 -3 4 -1 -13 5 4 3 3 4 -1 -8
canonical_upper 411 -8 -9 -5 1 1 3 3 5 9 0 9 3 3 -3 5 1 -9 -4 1 7 3 -5 -9 3 -8 1 3 -9 11 -3 -8 -9 -3 -1 9 12 -1 -5 -3 12 -1 -1 4 -5 0
canonical_upper 412 -8 -9 -5 1 1 3 3 5 9 4 5 -3 1 1 9 1 -9 4 5 3 -7 -11 5 1 8 -1 -3 3 -13 3 -8 13 -7 -1 -1 4 -3 -5 -3 4 1 1 0 7 -8
canonical_upper 413 -8 -9 -5 1 1 3 3 5 9 4 5 5 5 1 1 -11 -1 4 1 1 -7 -7 11 -3 -8 -5 -7 11 -1 3 -8 11 -7 -1 3 4 1 1 -7 4 1 -7 0 -5 8
canonical_upper 414 -8 -9 -5 1 1 3 3 5 9 4 7 -5 1 5 7 -5 -5 0 9 -3 3 -11 -1 1 0 9 -9 -5 -1 1 -4 -9 9 1 -5 -4 -1 7 5 0 -3 1 8 -11 4
canonical_upper 415 -8 -9 -5 1 1 3 3 5 9 4 7 -5 7 -5 5 1 -5 0 9 -9 1 3 -7 1 0 3 7 -9 -7 1 8 -3 -9 1 1 0 -1 9 -11 -4 7 5 -4 -5 4
canonical_upper 416 -8 -9 -5 1 1 3 3 5 9 4 7 -3 -1 3 9 -5 -5 -4 7 7 -9 -3 3 -3 -8 7 3 -9 5 -3 -4 -1 -7 -9 7 12 -3 -3 -5 0 3 7 8 -7 0
canonical_upper 417 -8 -9 -5 1 1 3 3 5 9 4 9 1 1 -3 5 -9 1 -8 1 1 3 3 5 -9 4 -3 11 -11 -5 1 12 -7 -9 3 1 -8 -1 5 -3 0 5 5 0 -9 4
canonical_upper 418 -8 -9 -5 1 1 3 3 5 9 8 -3 3 3 5 5 -5 -7 12 3 3 -5 -5 5 -5 0 -3 -11 7 -7 7 0 7 -11 -7 7 -4 -1 7 -1 -4 7 -1 0 -5 -4
canonical_upper 419 -8 -9 -5 1 1 3 3 5 9 8 -1 5 7 -7 3 -3 -3 8 5 -7 9 -1 -1 -7 -4 -7 -3 -1 -7 11 4 9 -7 1 -1 -4 -7 1 -1 0 13 -3 -4 -5 0
canonical_upper 420 -8 -9 -5 1 1 3 3 5 9 8 3 -1 5 -9 1 5 -3 4 7 -5 9 -9 -1 -3 -8 -9 3 9 1 -3 8 7 -1 -7 1 -4 -1 -7 -1 8 -3 -7 -4 11 -4
canonical_upper 421 -8 -9 -5 1 1 3 3 5 9 8 7 -1 1 -7 -5 5 1 -8 5 5 5 3 -5 -7 -4 -5 13 -7 1 -3 0 -1 5 -13 7 -4 -3 -3 -3 8 5 -9 4 1 4
canonical_upper 422 -8 -9 -5 1 1 3 3 5 9 8 9 -7 -3 -1 -1 3 1 -8 7 1 3 3 -7 -3 0 1 -1 11 -5 -7 4 9 -9 5 -9 -4 -7 -9 7 -4 3 1 8 -3 4
canonical_upper 423 -8 -9 -5 1 1 3 3 5 9 8 9 -3 -3 -1 -1 -5 5 -8 1 1 3 3 5 -9 4 7 -9 9 -7 -3 4 9 -9 -7 -3 -4 -7 7 -1 -4 7 -1 0 -5 8
canonical_upper 424 -8 -9 -5 1 1 3 3 5 9 8 9 -3 -1 -5 -1 -3 5 -8 1 1 3 3 5 -9 4 13 -3 -9 -1 -3 -8 3 -1 -7 -1 -4 13 -5 -5 -4 -3 -1 12 -3 8
canonical_upper 425 -8 -9 -5 1 1 3 3 5 9 12 -5 3 3 -3 3 -1 -3 12 1 7 1 -1 -5 -5 -8 1 3 -9 11 -3 -8 -9 -3 -1 9 0 9 5 -9 4 -9 3 -4 -1 0
canonical_upper 426 -8 -9 -5 1 1 3 3 5 9 12 -1 -5 -1 3 5 -3 -1 4 11 5 3 -7 -5 -5 -8 -3 5 -1 5 -5 8 -13 3 -3 3 -4 -3 -1 7 -8 11 -3 0 -9 4
canonical_upper 427 -8 -9 -3 -3 1 3 5 7 7 4 -1 5 7 7 -1 -7 -5 12 3 -5 -1 -9 5 -1 0 1 -13 9 -1 -1 -8 1 -3 -5 11 4 -1 5 -5 0 7 -7 -8 -3 4
canonical_upper 428 -8 -9 -3 -3 1 3 5 7 7 4 1 13 -3 -3 -1 -3 1 8 -5 -1 7 7 -7 -7 -8 3 -3 -1 3 1 8 5 -9 5 -9 -4 -7 -7 9 0 9 -3 -4 -3 4
canonical_upper 429 -8 -9 -3 -3 1 3 5 7 7 4 3 7 7 -9 1 -3 -1 8 1 -13 3 5 -1 -3 -4 1 5 -13 5 1 0 5 5 -5 -1 8 -3 -5 -7 4 -5 1 -4 11 -8
canonical_upper 430 -8 -9 -3 -3 1 3 5 7 7 4 7 9 -5 -5 -1 -3 3 0 -3 1 1 -5 11 -9 -8 5 3 3 -9 3 0 7 7 -5 -11 4 -13 -3 3 4 1 -1 0 1 4
canonical_upper 431 -8 -9 -3 -3 1 3 5 7 7 8 -5 5 3 5 3 -7 -3 12 7 -5 3 -5 -1 -3 -4 3 -13 3 -1 3 4 -3 -9 11 -5 8 -1 1 -3 -4 -3 11 -8 1 -8
canonical_upper 432 -8 -9 -3 -3 1 3 5 7 7 8 -1 -1 9 5 -5 -3 -3 8 5 -5 -1 1 -11 7 8 -5 -1 1 7 -11 -4 -5 11 -1 -1 -4 -11 7 7 0 -1 -1 -4 -1 -4
canonical_upper 433 -8 -9 -3 -3 1 3 5 7 7 8 5 5 -3 -7 -5 3 3 -4 -1 5 5 1 -13 5 -4 5 5 1 5 -13 -8 -1 11 -5 -5 8 -11 -1 -1 0 -1 -1 4 1 4
canonical_upper 434 -8 -9 -3 -3 1 3 5 7 7 12 -5 3 -1 1 1 -5 3 8 9 -5 7 -3 -3 -5 -4 5 -7 -9 5 1 8 -5 5 3 -11 -4 11 -5 -1 -4 -3 -3 -8 9 0
canonical_upper 435 -8 -9 -3 -3 1 3 5 7 7 12 -3 1 1 1 -5 -3 5 0 7 7 1 7 -9 -7 0 -1 3 -5 9 -11 0 -15 3 1 3 4 5 -3 1 -8 -7 5 4 1 -4
canonical_upper 436 -8 -9 -3 -3 3 3 3 5 9 0 5 11 -3 -1 3 1 -7 4 1 5 -1 -7 -11 7 -8 -7 -1 -1 7 1 0 11 3 -5 -7 -4 -7 7 -7 12 -5 -1 0 1 4
canonical_upper 437 -8 -9 -3 -3 3 3 3 5 9 4 1 5 -3 1 9 1 -9 8 3 7 -11 -3 -5 3 0 -3 5 -13 7 -1 -4 9 1 -11 1 4 -3 -5 -3 4 1 1 0 7 -8
canonical_upper 438 -8 -9 -3 -3 3 3 3 5 9 4 1 7 -3 -1 3 7 -9 8 -5 3 3 7 -11 -3 4 9 -1 -9 -5 3 -8 -7 1 -5 7 12 -9 1 -1 -4 7 1 0 1 -8
canonical_upper 439 -8 -9 -3 -3 3 3 3 5 9 4 3 3 -5 5 7 1 -9 8 -3 5 3 -13 1 -1 8 7 -5 1 -11 3 -4 -11 -1 7 -1 0 1 -5 9 -4 7 -1 0 -5 -4
canonical_upper 440 -8 -9 -3 -3 3 3 3 5 9 4 5 5 -7 1 1 7 -7 0 3 5 -13 5 -5 3 0 5 5 -13 -5 3 -4 5 5 -11 -1 4 1 1 -7 4 1 -7 0 7 0
canonical_upper 441 -8 -9 -3 -3 3 3 3 5 9 8 -1 -1 5 5 5 -5 -7 8 5 -13 -1 5 1 -1 8 5 -1 -13 1 -1 -4 -1 -1 7 -1 -4 -1 -11 11 -4 7 -1 0 -5 -4
canonical_upper 442 -8 -9 -3 -3 3 3 3 5 9 8 -1 -1 5 5 5 -5 -7 8 5 -11 -5 7 1 -1 8 7 -5 -11 1 -1 -4 -1 -1 -5 7 -4 -1 13 -5 -4 -5 7 0 -5 -4
canonical_upper 443 -8 -9 -3 -3 3 3 3 5 9 8 -1 5 -7 5 5 -5 -1 8 3 3 -13 5 1 -3 -4 11 3 -9 -5 -1 -4 3 -9 1 -1 -4 -1 7 -3 -4 7 3 0 -11 8
canonical_upper 444 -8 -9 -3 -3 3 3 3 5 9 8 1 5 -7 -5 7 1 -1 -4 7 1 11 -7 1 -7 -4 5 1 -5 -11 5 8 -5 7 -5 -7 -4 -7 7 -1 -4 7 -1 0 -5 8
canonical_upper 445 -8 -9 -3 -3 3 3 3 5 9 8 3 5 -7 -3 -3 7 -1 0 3 1 -5 11 -11 1 -4 11 3 -9 -5 -1 -4 7 -5 -5 -1 -4 3 7 -11 4 1 -5 0 1 8
canonical_upper 446 -8 -9 -3 -3 3 3 3 5 9 8 5 5 -7 -1 -1 -5 5 -4 -1 5 -7 11 1 -7 -4 5 11 -7 1 -7 8 -1 -1 -11 -1 -4 -7 7 -1 -4 7 -1 0 -5 8
canonical_upper 447 -8 -9 -3 -3 3 3 3 5 9 8 5 5 -5 -5 1 -5 5 -4 -1 -5 13 1 1 -7 -4 13 -5 1 1 -7 4 1 -5 -5 -1 4 -5 -5 -1 -8 13 -1 0 -5 8
canonical_upper 448 -8 -9 -3 -3 3 3 3 5 9 12 -1 1 -5 1 3 -5 3 0 9 3 7 -11 1 -5 -8 7 -1 3 1 -9 4 -7 3 -11 3 -8 -7 7 5 4 7 -5 0 -5 4
canonical_upper 449 -8 -9 -3 -3 3 3 3 5 9 12 -1 3 -7 -1 -1 1 3 4 -1 1 -1 7 7 -13 0 11 5 -1 -11 -3 -8 5 1 -5 -1 -4 -13 7 -1 4 -5 5 0 1 0
canonical_upper 450 -8 -9 -3 -1 -1 3 5 5 9 0 7 3 5 3 1 1 -11 -4 9 -7 5 -7 -3 3 0 -3 -13 -1 1 5 12 -3 1 -7 3 8 -3 -1 1 -4 13 -5 -4 -5 0
canonical_upper 451 -8 -9 -3 -1 -1 3 5 5 9 0 9 1 9 1 -5 -1 -5 4 -1 -5 -9 3 -5 7 4 -5 3 11 -1 -11 -4 7 -7 7 -1 4 -1 -11 3 -8 1 1 8 -3 0
canonical_upper 452 -8 -9 -3 -1 -1 3 5 5 9 0 9 3 7 1 -7 1 -5 4 1 -13 -3 1 3 1 -4 1 7 7 -13 -1 4 3 -1 5 -5 -8 -5 -7 9 8 1 -9 4 1 0
canonical_upper 453 -8 -9 -3 -1 -1 3 5 5 9 4 -1 5 9 5 -7 -3 -3 16 -3 -3 -3 -1 -1 -1 -8 3 -1 9 5 -9 -8 -1 5 -9 5 -8 -9 9 5 4 -3 -3 4 -7 4
canonical_upper 454 -8 -9 -3 -1 -1 3 5 5 9 4 3 1 3 7 -5 5 -9 4 1 5 -15 1 3 1 -4 7 3 7 -13 -1 -8 1 -7 -7 7 0 -1 1 1 8 1 -9 4 1 0
canonical_upper 455 -8 -9 -3 -1 -1 3 5 5 9 4 7 -1 3 -3 1 7 -9 4 -1 -9 9 -5 -5 3 12 -1 -3 7 -9 -3 12 5 -5 -3 -1 -8 -5 -5 7 -8 9 1 0 1 -8
canonical_upper 456 -8 -9 -3 -1 -1 3 5 5 9 4 7 1 3 7 -9 -3 -1 -4 5 -5 -5 -1 11 -5 -8 1 1 11 -1 -9 12 -9 1 -5 3 4 3 -9 5 0 -3 -7 0 5 0
canonical_upper 457 -8 -9 -3 -1 -1 3 5 5 9 4 11 -1 3 -7 -1 3 -3 -8 -3 3 3 -7 -1 5 16 -3 -1 -3 -1 -3 -8 11 5 -3 -7 4 -3 -9 -1 4 9 -9 -8 5 4
canonical_upper 458 -8 -9 -3 -1 -1 3 5 5 9 8 1 1 3 -5 -3 9 -5 -4 5 11 1 -1 -11 1 0 -5 -1 13 -5 -7 -4 1 -7 -5 7 12 -5 3 -9 -4 1 1 0 3 0
canonical_upper 459 -8 -9 -3 -1 -1 3 5 5 9 12 1 -3 1 -3 -5 5 1 4 -5 5 1 11 -7 -7 8 11 3 -7 -3 -3 -8 -5 1 -7 3 0 1 11 -11 -8 -1 3 -4 1 4
canonical_upper 460 -8 -9 -3 -1 -1 3 5 5 9 12 3 -5 1 -1 -5 1 3 0 7 -5 5 7 -11 -3 -4 5 7 -1 3 -11 8 -11 5 3 -5 -4 -5 7 -1 -4 -9 7 0 1 0
canonical_upper 461 -8 -9 -3 -1 1 1 3 7 9 0 5 5 3 5 3 -1 -11 4 5 1 -13 1 -5 5 0 -11 5 -9 3 3 0 5 7 -9 3 4 -5 -3 1 -4 9 -5 4 -5 0
canonical_upper 462 -8 -9 -3 -1 1 1 3 7 9 4 -3 9 3 7 -1 -5 -5 16 -1 -3 -1 -1 -1 -3 -8 -5 1 5 -7 7 0 -1 7 9 -11 -4 -13 7 3 4 -5 1 -4 -1 0
canonical_upper 463 -8 -9 -3 -1 1 1 3 7 9 4 -1 7 3 9 -5 -3 -5 16 -3 -3 -3 -1 -1 -1 -4 -1 -1 7 -11 7 -8 1 9 7 -9 -8 -9 7 3 4 -3 -5 0 -3 4
canonical_upper 464 -8 -9 -3 -1 1 1 3 7 9 4 -1 11 -1 1 5 -5 -5 12 -3 5 -5 -3 5 -7 0 -5 -3 -9 5 5 -8 13 -1 -3 -1 4 -5 -7 1 12 -1 -1 -8 7 -8
canonical_upper 465 -8 -9 -3 -1 1 1 3 7 9 4 3 -1 3 11 -1 -7 -3 4 -3 9 -11 5 1 -5 16 -1 -3 -3 -1 -3 -8 -5 -3 -5 9 0 3 3 1 -8 11 -7 -4 -5 4
canonical_upper 466 -8 -9 -3 -1 1 1 3 7 9 4 3 1 3 11 -5 -5 -3 4 1 9 -11 -3 5 -5 -4 -1 -1 15 -5 -5 -8 -5 -3 -5 9 0 -1 5 1 0 -3 -3 8 -7 4
canonical_upper 467 -8 -9 -3 -1 1 1 3 7 9 4 3 11 -3 -1 3 -7 -1 -4 -7 7 9 5 -3 -7 0 1 -5 -7 7 1 -4 9 -11 3 -3 -8 -3 -5 3 8 3 -1 4 -9 8
canonical_upper 468 -8 -9 -3 -1 1 1 3 7 9 4 7 -3 1 7 3 -9 -1 -8 3 1 -5 9 3 -7 4 11 -1 -9 3 -7 -4 -7 -3 -7 7 8 -9 5 1 0 5 1 0 -7 4
canonical_upper 469 -8 -9 -3 -1 1 1 3 7 9 4 7 -3 3 9 -5 -1 -5 0 -1 -3 -3 7 -11 7 16 -1 -1 -3 -3 -3 -8 1 9 7 -9 -8 -9 7 3 4 -1 -5 -4 -1 4
canonical_upper 470 -8 -9 -3 -1 1 1 3 7 9 4 7 5 -7 1 5 1 -7 0 -11 3 7 1 -7 3 4 7 1 -3 5 -7 8 -1 1 -11 -1 0 -15 3 3 4 1 3 -4 5 -8
canonical_upper 471 -8 -9 -3 -1 1 1 3 7 9 4 11 -3 -1 3 -1 3 -7 -8 -5 3 -3 7 -3 1 8 1 11 1 -7 -5 12 -5 -9 -5 3 -8 -3 7 -3 4 -9 7 4 3 -8
canonical_upper 472 -8 -9 -3 -1 1 1 3 7 9 8 -1 1 -3 9 -1 3 -7 8 5 3 1 -9 -9 5 0 7 -11 -1 7 -7 -8 -3 11 -5 -3 -4 3 -3 7 4 -7 -3 4 3 -4
canonical_upper 473 -8 -9 -3 -1 1 1 3 7 9 8 -1 1 -3 9 -1 3 -7 8 9 -3 -1 -5 -9 5 -8 9 -5 -5 3 -3 4 -7 7 1 -9 -8 7 -1 5 4 -11 1 4 3 -4
canonical_upper 474 -8 -9 -3 -1 1 1 3 7 9 8 -1 7 -3 -3 5 3 -7 0 7 5 5 -3 -13 3 -4 -7 -1 -9 1 7 -4 11 5 -1 -7 -4 -7 5 -7 8 -5 3 4 -1 0
canonical_upper 475 -8 -9 -3 -1 1 1 3 7 9 8 -1 7 -3 -3 5 3 -7 8 3 -3 3 1 -13 5 -4 -3 3 -13 5 3 4 13 1 -1 -9 -8 -5 -1 -3 8 -1 1 -4 5 -4
canonical_upper 476 -8 -9 -3 -1 1 1 3 7 9 8 3 5 -7 -3 7 -1 -3 0 5 -1 9 -13 -1 1 -8 7 -7 -5 7 -3 8 1 3 -1 -11 4 3 -11 3 4 -3 1 -4 7 -4
canonical_upper 477 -8 -9 -3 -1 1 1 3 7 9 8 5 -7 -1 7 1 1 -5 -4 11 -1 -5 -5 7 -5 4 5 -5 3 -5 -5 0 9 -9 -9 5 -8 1 -5 5 12 -5 -1 4 5 -8
canonical_upper 478 -8 -9 -3 -1 1 1 3 7 9 8 5 1 -9 3 5 -3 -1 -4 7 3 3 -13 3 -1 0 5 -13 1 5 -5 4 7 3 -5 -9 4 -3 -5 3 8 -3 -1 -8 9 -4
canonical_upper 479 -8 -9 -3 -1 1 1 3 7 9 8 5 1 -9 3 5 -3 -1 -4 11 3 -5 -9 3 -1 -8 7 -7 -3 1 -1 4 3 5 -5 -9 12 -5 3 -5 8 -7 3 -8 9 -4
canonical_upper 480 -8 -9 -3 -1 1 1 3 7 9 8 7 3 -3 -3 -1 -7 5 -8 3 -3 9 -5 5 -5 -4 -1 -7 9 7 -9 4 7 9 -11 -3 4 -9 1 -3 -4 -1 -1 0 -1 8
canonical_upper 481 -8 -9 -3 -1 1 1 3 7 9 8 7 5 -7 -5 1 1 -1 -8 -5 3 5 9 -5 -3 4 7 1 -13 -1 3 -4 11 -1 -5 -5 -8 3 -1 -7 -4 -1 3 12 -7 8
canonical_upper 482 -8 -9 -3 -1 1 1 3 7 9 12 1 3 -5 -5 1 3 -1 0 -1 5 11 -9 3 -7 -4 -1 7 5 -13 5 0 -1 11 1 -11 -4 -7 -5 3 0 -3 -1 4 3 0
canonical_upper 483 -8 -9 -3 -1 1 1 3 7 9 12 3 -7 -1 3 -1 -1 1 0 11 5 -9 -7 -1 1 0 3 5 -3 1 -9 -8 -5 11 -7 1 4 3 7 -9 4 -9 -1 -4 7 0
canonical_upper 484 -8 -9 -3 -1 1 1 3 7 9 12 3 -5 -5 3 1 -1 1 0 13 1 -9 -5 -1 1 -4 7 -1 -3 -1 -5 -8 7 7 -3 -7 4 -3 7 -9 8 -11 3 -4 7 0
canonical_upper 485 -8 -9 -3 -1 1 1 3 7 9 12 3 1 -7 -1 -1 -1 3 -4 -3 7 -1 11 -1 -9 8 7 -1 -11 5 -5 -8 5 3 -1 -7 8 -3 -13 5 -4 3 -1 -4 5 0
canonical_upper 486 -8 -9 -3 -1 1 1 3 7 9 12 5 -3 -5 -1 -1 -1 3 -8 3 11 -3 -1 3 -7 0 -3 3 13 -3 -9 4 3 -9 3 -5 8 -3 -13 5 -4 3 -1 -4 5 0
canonical_upper 487 -8 -9 -3 1 1 1 3 3 11 4 -1 5 7 7 -5 -1 -7 12 -5 -5 3 7 -5 -3 -8 9 -7 7 -1 -1 -8 -3 3 -7 3 0 -11 3 7 -4 3 -3 12 -7 0
canonical_upper 488 -8 -9 -3 1 1 1 3 3 11 8 -3 -3 3 9 -3 3 -5 4 9 9 -5 1 -5 -7 4 -11 7 -3 -3 -1 4 -5 -3 -3 5 -8 -5 1 5 4 13 -7 -8 -1 0
canonical_upper 489 -8 -9 -3 1 1 1 3 3 11 8 1 -3 -3 11 -1 -1 -3 8 -3 -3 -9 7 7 -5 4 7 1 -9 9 -7 4 1 9 -9 -7 -8 -1 -1 5 -4 -7 3 -4 3 0
canonical_upper 490 -8 -9 -1 -1 1 1 1 5 11 0 5 5 3 3 7 -7 -7 0 -3 -13 5 3 7 -3 0 5 -13 3 7 -3 4 7 -5 -1 -1 4 -5 -1 -1 -4 -9 9 4 -5 0
canonical_upper 491 -8 -9 -1 -1 1 1 1 5 11 4 1 7 -3 -1 3 7 -9 8 -7 11 -7 -1 -1 -3 -4 -1 -1 11 -7 3 -8 7 1 -7 -1 12 -5 -1 -5 -8 -7 5 8 3 -4
canonical_upper 492 -8 -9 -1 -1 1 1 1 5 11 8 -5 3 -3 3 9 -3 -3 0 11 5 5 -7 -1 -7 0 -1 -3 -3 -11 5 4 -11 7 5 -7 4 -5 9 -3 -8 3 3 -4 -3 4
canonical_upper 493 -8 -9 -1 -1 1 1 1 5 11 8 -5 5 1 1 7 -7 -1 12 -1 -5 1 7 -1 -7 -8 7 -7 1 9 -5 -8 5 -5 9 -5 12 -7 -5 -1 -8 -3 7 -4 -3 4
canonical_upper 494 -8 -9 -1 -1 1 1 1 5 11 8 7 7 -3 -3 -3 -5 1 -4 -7 -7 -1 11 3 -1 -4 11 -1 -7 3 -1 -4 5 -1 5 -7 8 5 -13 -1 -4 5 -7 0 -3 8
canonical_upper 495 -8 -9 -1 -1 1 1 1 5 11 12 -3 3 -5 -3 3 3 -1 8 -7 1 -1 11 -1 -7 -4 7 11 -1 -7 -1 -4 7 -5 7 -9 -8 1 -7 -1 -8 -7 5 8 -1 4
canonical_upper 496 -8 -7 -7 -1 1 3 5 7 7 -4 11 1 3 3 3 -9 -1 4 -5 -1 -5 -1 7 -3 8 7 5 -9 1 -7 -4 -7 -5 -5 11 0 11 -3 -7 -4 -3 3 8 -3 0
canonical_upper 497 -8 -7 -7 -1 1 3 5 7 7 0 3 3 11 5 -5 -7 -3 12 -3 -7 -1 1 5 -3 12 -7 -3 5 -7 1 4 -3 5 1 -5 0 -11 -1 11 -4 7 -3 -8 3 -8
canonical_upper 498 -8 -7 -7 -1 1 3 5 7 7 0 5 11 1 -1 -9 -3 3 4 1 -1 -1 9 1 -11 -8 -7 -1 -3 1 7 12 5 -7 1 -5 -4 7 -13 5 0 -1 -1 8 -1 -4
canonical_upper 499 -8 -7 -7 -1 1 3 5 7 7 0 7 1 9 -5 1 -9 3 4 3 -5 -3 3 7 -9 -4 3 9 -13 3 -1 -8 -1 -3 -5 9 8 3 -7 -7 8 -3 -1 4 3 -4
canonical_upper 500 -8 -7 -7 -1 1 3 5 7 7 0 11 -7 3 5 3 -5 -3 0 3 -1 -3 -9 1 5 12 5 -3 -3 1 -7 -8 -5 11 -7 1 4 1 9 -11 0 -7 -1 -4 5 4
canonical_upper 501 -8 -7 -7 -1 1 3 5 7 7 8 -1 3 9 -7 -3 -5 3 12 1 -5 -1 7 -1 -5 -8 3 13 -5 -3 -3 -8 -1 -3 9 -5 4 -5 -5 -1 -8 3 9 4 -9 4
canonical_upper 502 -8 -7 -7 -1 3 3 3 5 9 -4 7 5 1 3 5 1 -11 8 1 -5 -7 -3 -1 7 -8 9 7 -5 -7 -1 4 -3 -11 5 -3 0 7 -11 1 0 7 -3 4 -3 4
canonical_upper 503 -8 -7 -7 -1 3 3 3 5 9 4 1 9 -7 -1 1 7 -7 8 -5 5 7 3 -7 -5 4 7 -3 -9 -5 3 0 -9 5 -7 3 4 -9 1 7 0 9 -3 -4 1 -8
canonical_upper 504 -8 -7 -5 -5 3 5 5 5 7 -4 5 11 1 -3 -1 5 -7 8 -1 -9 -1 5 -7 5 -4 9 -1 -7 -1 -1 -4 7 -5 -5 3 0 9 -9 -7 -4 5 -7 8 -1 8
canonical_upper 505 -8 -7 -5 -5 3 5 5 5 7 -4 7 11 1 -5 -5 -1 3 4 -1 -7 5 7 -9 -1 -4 5 -5 -3 7 -5 0 11 -9 -1 -3 0 1 -7 -5 0 9 -5 0 -3 12
canonical_upper 506 -8 -7 -5 -5 3 5 5 5 7 0 5 5 7 -9 3 3 -7 4 1 -3 5 -13 5 1 4 -3 5 5 -13 1 -4 -11 1 1 9 0 3 3 -1 0 3 -7 0 -7 4
canonical_upper 507 -8 -7 -5 -5 3 5 5 5 7 0 5 5 7 -5 -5 7 -7 4 1 -3 -7 11 -7 1 4 -3 11 -7 -7 1 -4 -7 -7 5 9 0 3 3 -3 0 3 -3 0 -9 4
canonical_upper 508 -8 -7 -5 -5 3 5 5 5 7 4 5 5 -1 -9 -3 -3 9 0 3 -1 5 -9 9 -7 0 -1 5 9 -9 -7 8 -11 5 5 -7 0 3 3 -1 -4 -7 1 -4 1 4
canonical_upper 509 -8 -7 -5 -5 3 5 5 5 7 8 -1 3 -3 -1 1 9 -9 0 11 1 5 1 -11 -1 -4 3 -9 -1 -3 5 0 3 -15 5 3 8 1 -3 -9 4 -1 5 -4 3 -4
canonical_upper 510 -8 -7 -5 -5 3 5 5 5 7 8 -1 5 3 -9 -3 -3 7 8 5 -11 1 -1 7 -3 -4 7 7 -1 -5 -9 -4 3 7 -3 -5 4 -9 -5 3 0 9 -7 -8 3 4
canonical_upper 511 -8 -7 -5 -5 3 5 5 5 7 12 -1 -1 -5 3 3 3 -7 4 7 3 -13 -1 5 1 4 3 5 -1 -13 1 -4 7 -11 7 -3 0 -3 -3 -1 0 -3 11 0 -1 -8
canonical_upper 512 -8 -7 -5 -5 3 5 5 5 7 12 -1 -1 -5 3 3 3 -7 4 7 3 -11 -5 7 1 4 3 7 -5 -11 1 -4 -5 13 -5 -3 0 -3 -3 7 0 -3 -5 0 7 -8
canonical_upper 513 -8 -7 -5 -3 -1 5 5 7 7 -4 9 9 1 -7 3 -3 -1 0 -5 7 -3 -7 -3 7 0 -1 3 9 -3 -9 -4 7 -9 7 -7 8 -3 -9 -1 -4 1 5 8 -5 4
canonical_upper 514 -8 -7 -5 -3 -1 5 5 7 7 0 3 3 11 -7 1 -7 3 4 3 -3 1 7 3 -13 8 -9 5 -7 -5 5 4 3 -7 3 -1 -4 -9 9 -3 4 1 5 -8 -3 0
canonical_upper 515 -8 -7 -5 -3 -1 5 5 7 7 0 11 5 -5 -5 5 -5 1 -8 3 5 -7 -1 1 1 0 -3 11 -11 -1 -1 12 -1 -1 3 -9 4 3 -5 -5 8 -7 -1 -4 11 -4
canonical_upper 516 -8 -7 -5 -3 -1 5 5 7 7 4 -3 9 3 1 3 -11 1 8 -1 11 -3 -7 3 -3 4 -7 -7 -1 9 -3 -8 5 1 -5 1 -4 11 -1 -7 -8 1 -5 0 -3 12
canonical_upper 517 -8 -7 -5 -3 -1 5 5 7 7 4 1 11 -3 -7 1 -5 5 8 -7 11 -3 -5 -1 1 0 1 3 -1 5 -9 -8 7 1 -1 -7 -4 9 -3 -7 -4 -11 5 8 1 4
canonical_upper 518 -8 -7 -5 -3 -1 5 5 7 7 4 5 1 5 -13 1 1 3 -8 9 5 5 -1 -5 -5 4 -11 3 1 3 -7 4 7 -7 -3 1 0 -1 -3 -3 4 -11 9 8 3 -8
canonical_upper 519 -8 -7 -5 -3 -1 5 5 7 7 4 5 7 -7 1 5 -9 1 8 -7 5 -9 -3 3 3 0 7 3 3 1 -11 4 5 -11 1 -3 -4 -3 -7 9 -4 9 -1 0 -5 0
canonical_upper 520 -8 -7 -5 -3 -1 5 5 7 7 4 11 1 -7 -5 5 -3 1 -4 -1 5 -3 -9 3 3 0 7 9 3 -11 -5 4 -1 -5 7 -9 -4 -3 -7 9 8 3 -7 0 1 0
canonical_upper 521 -8 -7 -5 -3 -1 5 5 7 7 12 1 -1 -5 -1 7 -5 -1 0 3 9 7 -9 -7 1 12 -5 -5 -5 7 -3 8 -5 5 1 -7 -4 -5 -3 11 -4 7 -1 -8 1 -8
canonical_upper 522 -8 -7 -5 -3 1 1 7 7 7 4 7 -1 1 1 -7 -7 9 4 -7 3 3 3 3 -11 12 5 5 -3 -3 -5 -8 -5 -7 11 -1 -8 11 -7 -1 0 -3 -1 0 -1 4
canonical_upper 523 -8 -7 -5 -3 1 1 7 7 7 8 5 -3 -5 5 -5 -5 7 -8 9 7 1 -5 1 -5 4 5 -9 5 -7 -1 -8 1 -5 9 -5 4 7 1 -11 4 -9 1 0 3 4
canonical_upper 524 -8 -7 -5 -3 1 1 7 7 7 12 -1 1 -7 3 -3 -3 5 4 3 7 1 -11 7 -5 8 3 -11 7 -5 -3 -8 9 3 -3 -5 4 3 -7 -3 -4 -5 3 0 9 -8
canonical_upper 525 -8 -7 -5 -3 1 3 3 7 9 -4 5 9 7 -3 3 -7 -3 8 -5 1 -1 -5 9 -7 -4 -1 9 5 -7 -3 0 -7 -7 -5 11 8 -9 1 -1 8 5 -3 -4 1 -4
canonical_upper 526 -8 -7 -5 -3 1 3 3 7 9 -4 5 13 3 -3 -1 -3 -3 8 -5 -7 7 3 -7 1 0 1 -9 -1 1 3 4 11 -7 1 -7 -4 -3 -1 -1 4 11 -9 -8 -1 8
canonical_upper 527 -8 -7 -5 -3 1 3 3 7 9 -4 9 5 3 -3 7 -7 -3 4 -7 -5 5 1 5 -7 4 11 3 -7 -3 -3 -8 -7 1 5 -1 8 -9 -5 5 0 -5 9 8 -5 -4
canonical_upper 528 -8 -7 -5 -3 1 3 3 7 9 0 3 7 -3 -1 11 -3 -7 0 5 11 -3 -7 -7 3 -4 -1 -5 -5 11 -5 -8 5 -5 -5 5 12 -1 -1 -9 4 -5 5 4 -1 0
canonical_upper 529 -8 -7 -5 -3 1 3 3 7 9 0 3 7 -3 -1 11 -3 -7 4 -1 13 -7 -5 -1 -1 -4 -1 13 -5 -1 -5 -8 -1 -5 -1 5 0 -7 -3 3 4 -1 5 12 -9 0
canonical_upper 530 -8 -7 -5 -3 1 3 3 7 9 0 9 -1 -1 -1 9 1 -9 -4 -3 9 5 -3 -7 -1 16 -1 -3 -3 -1 -1 -8 5 -5 -7 7 -4 -11 9 -3 4 1 5 4 -7 0
canonical_upper 531 -8 -7 -5 -3 1 3 3 7 9 0 11 5 -3 -9 3 1 -1 -8 3 7 -3 -3 1 -3 -8 -3 9 7 -5 -5 8 3 -11 -5 3 4 3 -1 -9 -4 -5 7 12 -5 4
canonical_upper 532 -8 -7 -5 -3 1 3 3 7 9 4 1 5 11 -7 -5 1 -3 8 5 -11 -1 3 5 -5 -8 1 11 -5 -5 -1 -4 -1 5 -3 1 4 -3 -9 3 12 -5 -5 0 9 -8
canonical_upper 533 -8 -7 -5 -3 1 3 3 7 9 4 9 -1 -7 1 7 -7 1 -8 5 3 7 -5 -3 -3 -4 13 -5 1 1 -7 0 -5 -5 -3 3 4 -11 7 -1 4 7 -1 0 -9 8
canonical_upper 534 -8 -7 -5 -3 1 3 3 7 9 4 13 -5 -3 -3 3 -3 1 -8 1 -1 5 -1 -1 -3 4 13 1 1 -5 -7 -8 -3 3 -5 3 8 -13 3 -1 -4 9 -1 4 -9 8
canonical_upper 535 -8 -7 -5 -3 1 3 3 7 9 12 -5 5 1 -7 1 1 -1 8 1 5 -1 9 -5 -7 -4 1 13 -7 -1 -5 -4 -1 -3 -11 11 0 -7 3 -3 -4 9 -1 0 -3 0
canonical_upper 536 -8 -7 -5 -3 1 3 3 7 9 12 -1 -1 3 -7 3 -5 3 4 9 -5 -3 3 7 -9 0 5 3 -13 -1 1 -8 11 -1 -7 1 0 5 -7 -5 4 3 -7 -4 7 0
canonical_upper 537 -8 -7 -5 -3 1 3 3 7 9 12 -1 1 -7 1 1 5 -5 4 3 7 -9 9 -5 -3 8 3 -1 -13 -3 5 -8 9 3 -5 -3 8 -1 -3 -7 -4 3 -1 -8 9 -4
canonical_upper 538 -8 -7 -5 -3 1 3 3 7 9 12 1 -1 -7 -3 5 3 -3 4 -1 3 11 -1 -11 -1 4 13 -7 1 1 -7 -8 -1 1 -1 -1 0 -7 7 -3 -8 -5 11 4 -5 0
canonical_upper 539 -8 -7 -5 -3 1 3 3 7 9 12 1 -1 1 -7 1 -5 5 0 13 -7 3 -3 3 -5 -8 -1 5 -1 1 -5 4 7 9 -7 -7 0 -7 -9 5 -4 9 -7 0 1 4
canonical_upper 540 -8 -7 -5 -1 -1 1 5 7 9 -4 7 3 9 -1 3 -1 -9 -4 7 -3 7 -9 3 -3 -4 -11 5 7 -5 -1 8 -1 -1 -3 3 -8 -7 -5 9 8 -3 -3 12 -5 0
canonical_upper 541 -8 -7 -5 -1 -1 1 5 7 9 -4 9 1 9 3 -7 -1 -3 0 7 -7 -3 -3 7 -5 -4 -9 7 7 -7 -1 8 1 3 -1 -3 -4 -3 -11 9 8 -1 -9 4 3 0
canonical_upper 542 -8 -7 -5 -1 -1 1 5 7 9 0 11 1 3 -7 3 3 -7 -8 5 -1 1 5 -5 -3 -8 -5 13 -1 -1 -3 12 -1 -9 -3 5 4 -7 -3 -1 0 -5 9 12 -5 -4
canonical_upper 543 -8 -7 -5 -1 -1 1 5 7 9 4 -5 7 11 -1 -1 -3 -5 12 -1 -1 7 -1 1 -7 -4 -5 5 7 -11 3 -4 -1 -7 9 -1 -8 -7 -5 9 8 3 -7 0 -1 0
canonical_upper 544 -8 -7 -5 -1 -1 1 5 7 9 4 1 -1 1 13 -3 -7 -1 4 -3 13 -7 1 1 -5 16 -1 -3 -3 -1 -3 -8 -5 -3 -1 5 -4 5 1 -1 -4 11 -9 -8 -3 8
canonical_upper 545 -8 -7 -5 -1 -1 1 5 7 9 4 1 -1 13 -3 -1 -7 1 8 3 -5 -3 9 1 -9 -4 -3 15 -3 -5 -1 -4 -1 -5 7 -1 0 -7 -1 -1 -4 -3 9 8 -7 0
canonical_upper 546 -8 -7 -5 -1 -1 1 5 7 9 4 1 -1 13 -1 -7 -3 1 8 3 -5 1 -3 9 -9 -4 -3 13 3 -9 -1 -4 -5 7 -1 -1 -4 -3 -7 5 8 -1 -9 0 5 0
canonical_upper 547 -8 -7 -5 -1 -1 1 5 7 9 4 13 -5 -3 -3 3 1 -3 -8 -1 1 5 -3 -1 -1 0 13 1 5 -5 -7 -4 1 -5 5 -7 4 -9 -9 9 8 -7 3 8 1 -4
canonical_upper 548 -8 -7 -5 -1 -1 1 5 7 9 8 1 -9 7 5 1 -5 -1 4 7 3 -1 -13 5 -1 4 3 1 7 -3 -9 -4 -13 5 -3 3 8 1 3 -5 0 -5 -1 -8 9 -4
canonical_upper 549 -8 -7 -5 -1 -1 1 5 7 9 8 3 -1 3 -3 3 -11 5 0 -3 5 3 5 5 -13 4 7 7 -13 -1 1 -4 -11 -5 7 -1 8 3 -5 -3 -4 3 3 -4 -1 0
canonical_upper 550 -8 -7 -5 -1 -1 1 5 7 9 8 5 -5 7 -5 -3 -5 5 -4 13 -1 -1 -5 3 -5 0 -7 5 -5 1 -1 -4 3 9 3 -9 4 7 -13 -1 -8 3 -3 4 -3 8
canonical_upper 551 -8 -7 -5 -1 1 1 3 5 11 -4 9 5 -3 1 5 3 -9 0 -9 3 5 5 -7 -1 4 7 -1 -5 7 -7 8 -5 -3 -11 3 8 -13 1 3 0 5 3 -4 1 -4
canonical_upper 552 -8 -7 -5 -1 1 1 3 5 11 -4 11 -3 5 5 1 -1 -7 -8 -1 1 1 3 5 -7 16 -3 -1 -1 -3 -3 -4 1 7 -13 5 4 -15 -1 5 0 1 1 8 -1 -4
canonical_upper 553 -8 -7 -5 -1 1 1 3 5 11 -4 11 1 -3 5 5 -1 -7 -8 -1 1 1 3 5 -7 0 11 5 -5 -11 1 4 -11 -3 3 -3 4 -9 -1 5 8 -7 5 8 -1 -4
canonical_upper 554 -8 -7 -5 -1 1 1 3 5 11 0 9 5 -9 7 -1 -1 -3 -8 -1 5 5 5 -5 -5 0 1 -5 -7 13 -5 12 1 -3 -3 -5 -4 -7 -7 9 12 1 -3 -4 1 0
canonical_upper 555 -8 -7 -5 -1 1 1 3 5 11 0 11 -5 -1 9 -1 -3 -3 -8 -1 1 1 3 5 -7 12 7 1 -7 -1 -5 -8 -3 11 -7 -1 -4 -9 -5 9 4 -3 -1 12 -3 0
canonical_upper 556 -8 -7 -5 -1 1 1 3 5 11 0 11 1 -7 -1 7 1 -5 -8 5 1 1 3 -7 -1 8 1 -5 -13 1 3 4 13 -3 -5 -5 -8 3 1 -5 -4 -1 5 12 -7 4
canonical_upper 557 -8 -7 -5 -1 1 1 3 5 11 0 11 3 -7 -1 7 -3 -3 -8 -1 1 1 3 5 -7 12 -1 -1 -11 -3 3 4 13 -3 -1 -7 -8 3 -7 -1 -4 -5 7 12 -3 0
canonical_upper 558 -8 -7 -5 -1 1 1 3 5 11 0 11 3 -7 5 -5 3 -3 -8 -1 1 1 3 5 -7 12 -1 -7 1 -9 3 4 7 9 -7 -7 4 -9 -7 5 -4 7 -5 0 3 0
canonical_upper 559 -8 -7 -5 -1 1 1 3 5 11 0 11 7 -7 -3 -1 3 -3 -8 -1 1 1 3 5 -7 4 1 -1 -3 -13 7 4 3 11 -7 -7 12 -11 1 -3 -4 3 -1 0 3 0
canonical_upper 560 -8 -7 -5 -1 1 1 3 5 11 4 -3 9 -3 9 1 -5 -5 8 -1 5 -1 -3 9 -9 4 3 -9 -9 -1 5 0 -9 11 -7 -1 0 5 5 -1 0 -7 -1 -4 5 -4
canonical_upper 561 -8 -7 -5 -1 1 1 3 5 11 4 1 -3 1 3 3 9 -11 8 11 -7 -3 -5 -1 1 -8 7 1 -1 -7 1 12 -5 -3 -3 -3 0 13 -9 -1 -8 -3 1 4 5 -4
canonical_upper 562 -8 -7 -5 -1 1 1 3 5 11 4 1 5 -9 5 7 1 -7 8 -9 9 1 3 -5 -3 8 9 -5 -1 -3 -3 0 -1 -7 -1 -1 -4 -7 13 -3 0 -7 9 -4 1 -4
canonical_upper 563 -8 -7 -5 -1 1 1 3 5 11 4 1 7 -9 5 1 5 -7 8 -5 9 1 -9 3 -3 8 5 -11 -1 -3 1 0 -1 5 -9 -1 -4 11 1 -3 0 -7 -3 -4 9 -4
canonical_upper 564 -8 -7 -5 -1 1 1 3 5 11 4 3 -7 3 5 9 -3 -7 4 11 -11 -1 1 -1 -1 0 5 1 -9 3 -3 4 5 -5 5 -7 0 -5 -13 7 -4 7 3 0 -3 0
canonical_upper 565 -8 -7 -5 -1 1 1 3 5 11 4 11 5 -7 -5 -3 1 1 -8 -1 1 1 3 5 -7 0 5 5 -5 -13 5 4 7 -9 5 -7 -8 9 -5 -5 8 -3 -3 4 1 4
canonical_upper 566 -8 -7 -3 -3 -1 3 3 5 11 -4 3 11 7 -5 1 -1 -5 -4 -1 -1 13 3 -1 -9 -4 -3 -9 7 3 -1 8 1 -11 -5 5 0 1 -1 -3 0 -9 5 12 -3 0
canonical_upper 567 -8 -7 -3 -3 -1 3 3 5 11 -4 3 13 1 -1 1 1 -7 0 -5 5 13 -3 -5 -5 4 -5 -3 -3 -3 5 8 -9 7 -7 1 0 -5 1 1 -8 11 -3 4 -7 4
canonical_upper 568 -8 -7 -3 -3 -1 3 3 5 11 -4 5 5 9 -5 5 -1 -7 -4 1 -7 9 5 3 -9 4 1 5 -5 -13 5 4 -7 -7 7 1 0 -9 5 -1 8 -3 3 0 -3 0
canonical_upper 569 -8 -7 -3 -3 -1 3 3 5 11 -4 7 9 1 -5 5 1 -7 4 1 -11 9 -3 -3 -1 0 5 -9 -5 -5 7 8 7 -3 -1 -5 4 -5 -1 -3 0 13 -5 -8 -1 4
canonical_upper 570 -8 -7 -3 -3 -1 3 3 5 11 0 1 13 3 -5 -5 3 -3 -4 -1 1 5 11 1 -11 -4 -5 5 -7 1 1 12 -5 1 -9 3 8 -1 -11 1 -4 7 -5 0 3 0
canonical_upper 571 -8 -7 -3 -3 -1 3 3 5 11 0 3 3 11 -7 5 -5 -3 -4 1 5 5 -9 9 -7 12 -11 -3 1 1 -1 -4 -3 1 1 1 8 7 -1 -9 0 -11 3 -4 5 0
canonical_upper 572 -8 -7 -3 -3 -1 3 3 5 11 0 5 5 3 -9 3 7 -7 0 1 -9 7 9 -5 -5 8 -3 3 -13 -1 3 12 5 -1 -1 -5 0 1 -11 1 -4 3 -1 -4 7 -4
canonical_upper 573 -8 -7 -3 -3 -1 3 3 5 11 0 9 9 -1 -1 -1 -9 1 -4 -1 -3 -7 11 1 -3 -4 -3 11 -7 1 -3 16 -1 -1 -3 -3 -4 -7 7 -1 -4 7 -1 0 -9 8
canonical_upper 574 -8 -7 -3 -3 -1 3 3 5 11 4 -1 3 3 -3 -1 11 -9 8 1 9 -9 -1 -7 3 0 -5 3 13 -7 -5 -4 9 -9 -1 -1 8 -3 -5 -3 -4 -1 3 0 5 -4
canonical_upper 575 -8 -7 -3 -3 -1 3 3 5 11 4 1 5 1 -5 -3 11 -7 4 9 1 1 -9 -9 5 -4 -7 -3 9 -5 -1 4 13 -3 -1 -7 -8 3 -3 -1 8 -3 -5 0 5 0
canonical_upper 576 -8 -7 -3 -3 -1 3 3 5 11 4 3 11 -3 -9 -1 3 -1 -8 5 -1 11 3 -3 -7 -8 -1 3 -7 -3 3 16 -3 -3 -1 -3 4 -1 -7 -1 4 11 -9 -8 3 4
canonical_upper 577 -8 -7 -3 -3 -1 3 3 5 11 8 -7 3 7 -5 1 5 -5 8 7 -3 3 -1 5 -9 -4 -1 -3 11 -9 -1 -4 13 -5 -5 -1 0 -7 -5 1 -4 -5 7 8 1 -4
canonical_upper 578 -8 -7 -3 -1 -1 -1 3 9 9 -4 5 -1 5 9 5 -7 -5 0 7 -1 -1 -7 -9 9 4 5 -5 -9 7 -7 -4 -9 11 -1 -5 8 -3 5 -3 0 -1 1 0 -3 4
canonical_upper 579 -8 -7 -3 -1 -1 1 1 7 11 -4 11 1 3 -1 7 -5 -5 0 3 -1 -7 -3 -7 7 8 -3 -1 -9 9 -7 -4 15 -3 -5 -1 0 -3 -1 -3 8 7 -5 -4 -1 4
canonical_upper 580 -8 -7 -3 -1 -1 1 1 7 11 0 3 -1 -1 9 9 -7 -5 -4 3 3 -1 -1 11 -11 4 7 -13 5 -5 1 4 5 -13 -5 1 0 -3 -1 3 0 -1 3 4 -3 0
canonical_upper 581 -8 -7 -3 -1 -1 1 1 7 11 0 11 -1 -1 -3 9 -5 -3 0 -7 7 -3 -7 -1 3 0 7 1 5 7 -11 -4 3 -11 5 -5 12 -1 -11 1 4 -1 1 -4 3 0
canonical_upper 582 -8 -7 -3 -1 -1 1 1 7 11 4 -1 -5 7 -1 11 -3 -5 16 -1 -3 -3 -3 -1 -1 4 7 11 -7 -3 -5 -4 -1 -1 -11 7 -8 1 7 -7 -8 7 -1 0 -3 4
canonical_upper 583 -8 -7 -3 -1 -1 1 1 7 11 4 7 -5 -3 -1 11 -1 -5 0 7 -1 -3 -3 -11 7 4 -3 11 -7 -1 -5 16 -1 -1 -3 -3 -8 1 7 -7 -8 7 -1 -4 -1 4
canonical_upper 584 -8 -5 -5 -5 -1 5 5 5 9 0 3 5 -1 -9 5 9 -7 0 5 -1 9 5 -9 -7 4 -3 1 -13 1 5 16 -3 -3 -3 -1 -4 3 -7 5 0 3 -5 -4 5 -4
canonical_upper 585 -8 -5 -5 -5 1 1 5 7 9 4 1 1 -5 13 -7 1 -3 4 1 1 1 11 -11 -3 4 13 -5 -7 1 -3 -8 -5 -1 1 3 -8 -1 1 3 0 5 -5 4 -9 8
canonical_upper 586 -8 -5 -5 -3 -3 3 5 7 9 -4 5 -1 13 -1 -5 -5 3 4 3 -1 -5 -5 11 -7 8 -3 -5 11 -7 -3 -4 5 -3 -7 3 8 5 1 -11 -8 -1 1 0 1 4
canonical_upper 587 -8 -5 -5 -3 -3 3 5 7 9 -4 7 -1 3 5 7 -1 -11 8 3 -7 -5 1 -7 5 0 11 -9 -7 5 1 0 7 -7 -1 -3 4 1 -9 3 -4 9 -5 0 -3 4
canonical_upper 588 -8 -5 -5 -3 -3 3 5 7 9 -4 7 -1 3 11 1 -7 -5 -4 9 -1 -5 7 -7 -1 0 5 -9 -7 -1 7 0 1 -7 11 -9 4 -5 -3 3 8 3 -5 0 -3 4
canonical_upper 589 -8 -5 -5 -3 -3 3 5 7 9 0 -5 5 13 -3 -3 3 -5 8 7 -3 9 -3 -5 -3 -4 3 -7 -3 -7 9 -8 -1 3 1 -5 -4 1 9 -7 12 -9 -3 0 1 4
canonical_upper 590 -8 -5 -5 -3 -3 3 5 7 9 0 -1 -1 13 -5 5 1 -7 4 3 -1 13 -5 -1 -7 8 3 -5 -7 -7 9 -8 -5 1 3 -3 -4 5 -1 -1 4 -11 3 8 1 -4
canonical_upper 591 -8 -5 -5 -3 -3 3 5 7 9 0 3 -3 13 -7 3 -5 1 4 7 -1 -5 -9 9 -3 0 -3 7 7 -1 -11 -4 5 -3 -7 3 8 -7 -5 1 8 -1 -3 -4 7 -4
canonical_upper 592 -8 -5 -5 -3 -3 3 5 7 9 4 -5 3 9 -3 -1 7 -9 4 7 7 1 -5 -9 5 8 -11 -5 3 1 -3 0 3 -5 -1 1 0 13 -7 -5 -4 -1 -5 -4 7 0
canonical_upper 593 -8 -5 -5 -3 -3 3 5 7 9 4 1 -7 11 -3 5 1 -7 4 11 -7 -3 5 1 -7 0 3 5 -5 -7 3 0 5 -5 -7 3 -4 -11 9 -1 0 -1 7 4 -7 0
canonical_upper 594 -8 -5 -5 -3 -3 3 5 7 9 4 1 -5 13 -5 -1 -5 3 4 13 -5 -5 -1 -5 3 -4 -1 5 1 1 -7 -4 5 1 1 -7 8 -11 1 -1 0 11 -5 -8 -3 8
canonical_upper 595 -8 -5 -5 -3 -3 3 5 7 9 4 7 -11 7 3 -1 1 -5 4 7 -11 3 -1 1 -5 8 5 -1 1 -5 -1 8 -1 1 -5 -1 -4 -11 -3 11 0 11 -5 -8 1 -4
canonical_upper 596 -8 -5 -5 -3 -1 1 3 9 9 -8 7 3 11 1 -3 -3 -3 0 5 -5 7 -7 -7 5 -4 -3 -3 13 -7 -1 8 -7 -3 3 -3 4 -3 9 -9 4 1 -5 -4 -1 8
canonical_upper 597 -8 -5 -5 -3 -1 1 3 9 9 -8 13 3 -1 1 3 -3 -3 4 -3 -7 1 -3 -3 3 -4 13 -3 5 -7 -1 0 5 -5 -5 1 4 -9 9 -9 8 5 -7 -4 -1 8
canonical_upper 598 -8 -5 -5 -3 -1 1 5 5 11 -8 7 11 1 -3 1 1 -5 4 -5 3 -1 -9 9 -3 8 -3 -3 -1 -7 3 -8 13 3 -3 -5 4 -3 -9 1 8 5 -9 -4 3 4
canonical_upper 599 -8 -5 -5 -3 -1 1 5 5 11 -4 15 -1 -1 -3 -1 3 -3 0 -5 -3 1 1 -3 -1 0 13 1 1 3 -9 -8 1 5 -1 -5 12 -9 -7 3 4 -11 5 8 3 -4
canonical_upper 600 -8 -5 -5 -3 -1 1 5 5 11 4 3 7 3 -9 -9 5 1 12 -3 -9 3 3 -1 -3 0 7 -3 7 -11 -1 -4 9 -1 3 -7 0 3 5 -9 -4 -9 5 0 3 0
canonical_upper 601 -8 -5 -5 -3 1 1 1 7 11 -8 13 3 1 1 1 -5 -1 4 -7 -5 1 1 -3 1 4 11 -3 5 -7 -3 -8 7 -5 -3 1 4 -11 7 -7 4 9 -5 0 -5 8
canonical_upper 602 -8 -5 -5 -3 1 1 1 7 11 4 1 -3 -5 1 13 1 -7 4 -3 13 1 -5 1 -7 16 -1 -1 -1 -1 -3 -8 3 -5 1 1 0 3 -15 7 -8 1 1 4 1 -4
canonical_upper 603 -8 -5 -5 -3 1 1 1 7 11 4 7 -5 -9 3 9 -1 -3 4 -5 9 3 -9 -1 -3 8 5 7 5 -7 -5 0 -5 -3 7 -5 -4 -5 -9 9 0 7 -5 -4 1 0
canonical_upper 604 -8 -5 -3 -3 -3 1 3 7 11 -4 -1 1 15 -1 -1 1 -5 0 13 -7 -1 3 3 -7 -8 -3 3 3 -1 -5 0 -1 1 -1 -1 12 -9 -7 3 4 -11 7 8 1 -4
canonical_upper 605 -8 -5 -3 -3 -1 1 3 3 13 -4 -1 11 5 -3 -5 7 -5 8 -1 -9 1 9 3 -7 -4 -3 7 -9 3 -1 8 -1 9 -3 -5 8 -1 -13 1 -4 -1 -1 -4 5 0
canonical_upper 606 -8 -5 -3 -3 -1 1 3 3 13 12 3 3 1 -7 -5 -5 3 0 -3 -1 9 -9 9 -5 0 -1 9 9 -9 -5 0 -9 9 9 -7 0 -1 -1 -1 -4 -1 -1 -4 -1 4
canonical_upper 607 -4 -11 -7 1 1 3 5 5 7 0 11 1 1 -5 3 3 -3 -4 -3 -3 5 -3 -3 7 4 1 5 -9 9 -9 4 5 9 -9 -9 0 -9 -9 5 0 3 1 0 1 0
canonical_upper 608 -4 -11 -7 1 1 3 5 5 7 4 3 1 1 11 -3 -3 -3 8 -1 -1 -11 1 1 7 0 3 -3 -5 13 -9 0 -3 13 -5 -9 0 -1 -1 5 -4 -7 1 -4 1 0
canonical_upper 609 -4 -11 -5 -1 -1 3 5 7 7 0 5 3 7 7 -5 -3 -3 0 7 -5 -7 7 -7 5 -4 -1 -9 -7 9 3 -4 3 5 7 -11 4 -3 -5 7 8 -5 -5 0 -3 0
canonical_upper 610 -4 -11 -5 -1 -1 3 5 7 7 0 5 7 7 -5 3 -3 -3 0 -5 1 11 -5 -7 5 -4 -1 3 5 7 -11 -4 -9 -7 7 7 4 -3 1 -5 8 -9 3 0 -3 0
canonical_upper 611 -4 -11 -5 1 1 1 1 7 9 0 5 3 3 5 5 -9 -1 8 -7 -7 -1 -1 9 -1 0 3 -7 11 3 -7 0 11 -7 3 -7 -4 -7 -3 5 -4 -3 5 0 -7 4
canonical_upper 612 -4 -11 -3 -1 -1 -1 7 7 7 0 -1 7 7 7 -3 -3 -3 16 -3 -3 -3 -1 -1 -1 -4 -1 -1 -11 7 7 -4 -1 7 -11 7 -4 7 7 -11 0 -3 -3 0 -3 0
canonical_upper 613 -4 -11 -3 -1 -1 -1 7 7 7 0 -1 7 7 7 -3 -3 -3 16 -3 -3 -3 -1 -1 -1 -4 -1 -1 -5 -5 13 -4 -1 -5 13 -5 -4 13 -5 -5 0 -3 -3 0 -3 0
canonical_upper 614 -4 -11 -3 -1 -1 -1 7 7 7 0 -1 7 7 7 -3 -3 -3 16 -3 -3 -3 -1 -1 -1 0 -3 -3 -11 7 7 0 -3 7 -11 7 0 7 7 -11 -4 -1 -1 -4 -1 -4
canonical_upper 615 -4 -11 -3 -1 -1 -1 7 7 7 0 -1 7 7 7 -3 -3 -3 16 -3 -3 -3 -1 -1 -1 0 -3 -3 -5 -5 13 0 -3 -5 13 -5 0 13 -5 -5 -4 -1 -1 -4 -1 -4
canonical_upper 616 -4 -11 -3 -1 1 1 1 5 11 0 7 9 -3 -1 3 1 -5 -4 -9 3 -5 7 7 -3 4 -7 5 -3 -3 5 0 13 3 -5 -5 0 -7 -1 -5 0 -11 7 8 -1 -4
canonical_upper 617 -4 -9 -7 -3 1 3 5 5 9 4 -3 9 -3 5 -1 5 -7 8 1 9 -1 3 -9 -1 0 -5 -5 -5 -3 11 0 -5 -5 11 -3 -4 13 -1 -5 -4 -5 -1 0 -3 0
canonical_upper 618 -4 -9 -7 -3 1 3 5 5 9 8 3 -3 -3 9 -5 -3 3 0 9 5 -11 -1 -1 3 -4 1 -1 11 -3 -7 -4 -1 -7 13 -5 0 5 3 -7 0 -7 -1 -4 -3 8
canonical_upper 619 -4 -9 -7 -1 -1 1 7 7 7 4 -3 3 3 11 -7 -1 -1 8 5 5 -5 7 -5 -5 -4 -1 -5 -5 -5 13 -4 -5 -5 13 -5 0 9 -3 -3 0 -3 -3 0 -3 0
canonical_upper 620 -4 -9 -7 -1 -1 1 7 7 7 8 -1 -1 3 1 -7 -3 9 8 1 5 -5 9 -5 -5 -4 -1 15 -1 -1 -7 -4 -5 -5 13 -5 0 -1 -3 -3 -4 -5 7 0 -3 0
canonical_upper 621 -4 -9 -7 -1 -1 3 3 7 9 0 9 3 3 -3 -3 -7 7 0 -1 -1 -3 -3 11 -5 -4 -1 -3 15 -5 -3 -4 15 -3 -5 -3 0 -3 -1 -5 0 -1 -5 4 -3 8
canonical_upper 622 -4 -9 -5 -1 -1 -1 3 9 9 0 9 -5 -3 9 3 -3 -1 0 -3 5 -5 -5 9 -5 4 11 -1 7 -5 -7 0 -1 -11 -3 3 -4 3 -9 9 4 3 -7 0 -1 0
canonical_upper 623 -4 -9 -3 -1 -1 -1 3 3 13 0 -1 3 3 13 -3 -3 -3 16 -3 -3 -3 -1 -1 -1 -4 -1 -1 -3 15 -5 -4 -1 15 -3 -5 -4 -5 -5 7 0 -3 -3 0 -3 0
canonical_upper 624 -4 -7 -7 -5 1 1 5 7 9 0 3 1 -5 13 3 -5 -3 0 1 13 -5 3 -5 -3 8 -1 -1 -11 9 -1 -4 -7 1 -3 5 -4 1 -3 5 0 7 -9 0 -7 4
canonical_upper 625 -4 -7 -5 -5 -1 -1 7 7 9 0 5 5 -1 -1 -7 11 -5 0 -3 -5 13 -3 -5 3 0 13 -5 -3 -5 3 -4 -1 7 -5 -3 -4 7 -5 -3 0 1 -9 4 -3 8
self_negative_classes 3
sign_permutation_classes 314
automorphism_distribution 1:480 2:100 3:24 4:5 6:14 24:2
all_labelled_matrices 196560000
diagonal_multisets 111
zero_diagonal_classes 0
diagonal_entries_all_in_minus4_0_4_classes 2
rank_mod_3_distribution 2:39 4:586
maximum_absolute_entry_distribution 9:3 11:52 12:231 13:231 15:28 16:80
raw_binary_lift_log2_min 1340.52392808143
raw_binary_lift_log2_max 1340.83193919044
balanced_class 1 automorphisms 4 rank_mod_3 2 self_negative 1
-8 -9 -5 1 1 3 3 5 9
-9 8 9 -3 -3 -1 -1 -5 5
-5 9 -8 1 1 3 3 5 -9
1 -3 1 4 7 -9 9 -7 -3
1 -3 1 7 4 9 -9 -7 -3
3 -1 3 -9 9 -4 -7 7 -1
3 -1 3 9 -9 -7 -4 7 -1
5 -5 5 -7 -7 7 7 0 -5
9 5 -9 -3 -3 -1 -1 -5 8
balanced_class 2 automorphisms 1 rank_mod_3 4 self_negative 0
-8 -7 -7 -1 3 3 3 5 9
-7 4 1 9 -7 -1 1 7 -7
-7 1 8 -5 5 7 3 -7 -5
-1 9 -5 4 7 -3 -9 -5 3
3 -7 5 7 0 -9 5 -7 3
3 -1 7 -3 -9 4 -9 1 7
3 1 3 -9 5 -9 0 9 -3
5 7 -7 -5 -7 1 9 -4 1
9 -7 -5 3 3 7 -3 1 -8
balanced_class 3 automorphisms 1 rank_mod_3 4 self_negative 0
-8 -7 -5 -3 -1 5 5 7 7
-7 -4 9 9 1 -7 3 -3 -1
-5 9 0 -5 7 -3 -7 -3 7
-3 9 -5 0 -1 3 9 -3 -9
-1 1 7 -1 -4 7 -9 7 -7
5 -7 -3 3 7 8 -3 -9 -1
5 3 -7 9 -9 -3 -4 1 5
7 -3 -3 -3 7 -9 1 8 -5
7 -1 7 -9 -7 -1 5 -5 4
certified_class_lexicographic_index 612
certified_automorphism_order 24
certified_raw_binary_lift_log2 1340.72177608771
certified_raw_binary_lift_rank 106_of_625
rank_two_exception_profile -4 -4 0 0 0 0 0 4 4
rank_two_exception_sign_classes 1
rank_two_exception_automorphism_generator_one_based (4 5)(7 8)
rank_two_exception_representative
-4 -11 -7 1 1 3 5 5 7
-11 0 11 1 1 -5 3 3 -3
-7 11 -4 -3 -3 5 -3 -3 7
1 1 -3 4 1 5 -9 9 -9
1 1 -3 1 4 5 9 -9 -9
3 -5 5 5 5 0 -9 -9 5
5 3 -3 -9 9 -9 0 3 1
5 3 -3 9 -9 -9 3 0 1
7 -3 7 -9 -9 5 1 1 0
rank_two_exception_adjacency_quotient
20 24 22 18 18 17 16 16 15
24 18 13 18 18 21 17 17 20
22 13 20 20 20 16 20 20 15
18 18 20 16 18 16 23 14 23
18 18 20 18 16 16 14 23 23
17 21 16 16 16 18 23 23 16
16 17 20 23 14 23 18 17 18
16 17 20 14 23 23 17 18 18
15 20 15 23 23 16 18 18 18
depth 1 nodes 411 candidate_visits 48915312
depth 2 nodes 122859 candidate_visits 2269559384
depth 3 nodes 348321 candidate_visits 712646485
depth 4 nodes 20060 candidate_visits 4112819
depth 5 nodes 8564 candidate_visits 170081
depth 6 nodes 7107 candidate_visits 20792
depth 7 nodes 7016 candidate_visits 7016
depth 8 nodes 7016 candidate_visits 7016
depth 9 nodes 7016 candidate_visits 0
