60
0 1 2 3 4 5 6 7 8 9 10 11 12 13 14 15 16 17 18 19 20 21 22 23 24 25 26 27 28 29 30 31 32 33 34 35 36 37 38 39 40 41 42 43 44 45 46 47 48 49 50 51 52 53 54 55 56 57 58 59
1 4 5 6 0 13 14 8 15 16 12 17 18 2 3 7 31 32 10 21 22 33 34 35 36 29 30 37 38 39 40 9 11 19 20 52 42 53 49 25 26 43 24 54 55 56 50 57 44 28 58 45 23 27 41 48 51 59 46 47
2 7 8 9 19 4 20 21 0 22 23 12 24 33 41 13 14 42 32 5 43 1 3 36 11 44 45 29 30 46 47 54 35 15 31 18 10 58 59 53 49 16 52 6 50 57 27 28 37 56 25 38 17 55 34 39 40 26 48 51
3 10 11 12 25 26 4 27 28 8 29 30 0 48 39 31 49 13 14 43 50 51 47 21 22 6 44 38 9 1 2 37 55 52 42 56 59 15 7 18 32 35 58 45 5 19 36 24 17 53 57 23 54 16 33 40 41 20 34 46
4 0 13 14 1 2 3 15 7 31 18 32 10 5 6 8 9 11 12 33 34 19 20 52 42 39 40 53 49 25 26 16 17 21 22 23 24 27 28 29 30 54 36 41 48 51 58 59 55 38 46 56 35 37 43 44 45 47 50 57
5 8 15 16 21 0 22 33 1 34 35 18 36 19 43 2 3 24 11 13 54 4 6 42 17 55 56 39 40 50 57 41 52 7 9 10 12 46 47 27 28 31 23 14 58 59 37 38 53 51 29 49 32 48 20 25 26 30 44 45
6 12 17 18 29 30 0 37 38 15 39 40 1 44 25 9 28 2 3 54 58 45 57 33 34 14 55 49 16 4 5 53 48 23 24 51 47 7 8 10 11 52 46 56 13 21 42 36 32 27 59 35 41 31 19 26 43 22 20 50
7 19 4 20 2 33 41 0 13 14 24 42 32 8 9 21 54 35 23 1 3 15 31 18 10 46 47 58 59 53 49 22 12 5 43 17 52 55 56 44 45 6 11 34 39 40 25 26 50 30 48 57 36 29 16 37 38 51 27 28
8 21 0 22 5 19 43 1 2 3 36 24 11 15 16 33 41 52 35 4 6 7 9 10 12 50 57 46 47 27 28 34 18 13 54 32 23 48 51 55 56 14 17 20 25 26 29 30 58 40 44 59 42 39 31 53 49 45 37 38
9 23 12 24 44 45 19 29 30 0 46 47 2 37 53 54 56 33 41 6 25 38 28 1 3 20 50 59 22 7 8 58 39 17 52 40 51 13 21 32 35 18 48 57 4 5 10 11 42 55 26 36 34 14 15 49 16 43 31 27
10 25 26 4 3 48 39 28 31 49 0 13 14 11 12 27 37 55 29 51 47 52 42 56 59 1 2 15 7 18 32 8 30 43 50 54 58 16 53 6 44 45 22 33 40 41 57 20 5 9 34 19 21 38 35 17 23 46 36 24
11 27 28 8 43 25 50 51 3 47 21 0 22 52 35 48 39 58 55 26 45 10 12 59 30 5 19 1 2 36 24 33 56 31 37 14 29 34 46 16 53 49 54 4 57 20 38 9 15 41 6 7 13 40 42 18 32 44 17 23
12 29 30 0 6 44 25 38 9 28 1 2 3 17 18 37 53 48 39 45 57 23 24 51 47 4 5 7 8 10 11 15 40 54 58 41 46 31 27 14 55 56 34 19 26 43 59 22 13 16 20 21 33 49 52 32 35 50 42 36
13 15 7 31 33 1 34 19 4 20 52 10 42 21 54 5 6 36 17 2 41 0 14 24 32 48 51 25 26 58 59 43 23 8 16 12 18 50 57 37 38 9 35 3 46 47 53 49 27 45 39 28 11 44 22 29 30 40 55 56
14 18 32 10 39 40 1 53 49 7 25 26 4 55 29 16 38 5 6 41 46 56 59 19 20 3 48 28 31 0 13 27 44 35 36 45 57 8 15 12 17 23 50 51 2 33 24 42 11 37 47 52 43 9 21 30 54 34 22 58
15 33 1 34 13 21 54 4 5 6 42 36 17 7 31 19 43 23 52 0 14 8 16 12 18 58 59 50 57 37 38 20 10 2 41 11 35 44 45 48 51 3 32 22 29 30 39 40 46 26 55 47 24 25 9 27 28 56 53 49
16 35 18 36 55 56 21 39 40 1 50 57 5 53 27 41 51 19 43 14 29 49 38 4 6 22 58 47 34 8 15 46 25 32 23 26 45 2 33 11 52 10 44 59 0 13 12 17 24 48 30 42 20 3 7 28 31 54 9 37
17 37 38 15 54 29 58 45 6 57 33 1 34 23 52 44 25 46 48 30 56 12 18 47 40 13 21 4 5 42 36 19 51 9 53 3 39 20 50 31 27 28 41 0 59 22 49 16 7 43 14 8 2 26 24 10 11 55 32 35
18 39 40 1 14 55 29 49 16 38 4 5 6 32 10 53 27 44 25 56 59 35 36 45 57 0 13 8 15 12 17 7 26 41 46 43 50 9 37 3 48 51 20 21 30 54 47 34 2 31 22 33 19 28 23 11 52 58 24 42
19 2 33 41 7 8 9 13 21 54 32 35 23 4 20 0 22 12 24 15 31 5 43 17 52 53 49 55 56 44 45 14 42 1 3 36 11 29 30 46 47 34 10 16 37 38 48 51 39 59 27 40 18 58 6 50 57 28 25 26
20 24 42 32 46 47 2 58 59 13 53 49 7 50 44 22 30 8 9 34 48 57 26 15 31 41 39 56 14 19 4 55 37 36 11 38 28 21 0 23 12 17 27 40 33 1 52 10 35 29 51 18 16 54 5 45 6 3 43 25
21 5 19 43 8 15 16 2 33 41 11 52 35 0 22 1 34 18 36 7 9 13 54 32 23 27 28 48 51 55 56 3 24 4 6 42 17 39 40 50 57 20 12 31 53 49 44 45 25 47 37 26 10 46 14 58 59 38 29 30
22 36 24 11 50 57 5 46 47 2 27 28 8 58 55 34 40 15 16 20 44 59 30 7 9 43 25 51 3 21 0 48 53 42 17 49 38 33 1 35 18 32 37 26 19 4 23 12 52 39 45 10 31 41 13 56 14 6 54 29
23 44 45 19 9 37 53 30 54 56 2 33 41 12 24 29 58 39 46 38 28 17 52 40 51 7 8 13 21 32 35 0 47 6 25 34 48 14 55 20 50 57 3 15 49 16 26 43 4 22 31 5 1 59 18 42 36 27 10 11
24 46 47 2 20 50 44 59 22 30 7 8 9 42 32 58 55 37 53 57 26 36 11 38 28 19 4 21 0 23 12 13 49 34 48 16 27 54 29 41 39 40 31 5 45 6 51 3 33 14 43 1 15 56 17 35 18 25 52 10
25 3 48 39 10 11 12 31 27 37 14 55 29 26 4 28 8 30 0 52 42 43 50 54 58 18 32 16 53 6 44 49 13 51 47 21 22 38 9 1 2 33 59 35 17 23 34 46 40 7 36 41 56 15 45 5 19 24 57 20
26 28 31 49 51 3 47 52 10 42 56 14 59 43 45 11 12 22 30 48 33 25 4 58 13 40 41 18 32 57 20 35 54 27 8 29 0 36 24 38 9 37 21 39 34 46 15 7 16 23 1 53 55 17 50 6 44 2 5 19
27 43 25 50 11 52 35 3 48 39 22 58 55 28 8 51 33 56 21 10 12 31 37 14 29 36 24 34 46 16 53 47 0 26 45 13 54 40 41 5 19 4 30 42 18 32 6 44 57 2 17 20 59 1 49 15 7 23 38 9
28 51 3 47 26 43 45 10 11 12 59 22 30 31 49 52 35 54 56 25 4 27 8 29 0 57 20 36 24 38 9 42 14 48 33 55 21 17 23 40 41 39 13 50 6 44 1 2 34 32 5 46 58 18 37 16 53 19 15 7
29 6 44 25 12 17 18 9 37 53 3 48 39 30 0 38 15 40 1 23 24 54 58 41 46 10 11 31 27 14 55 28 2 45 57 33 34 49 16 4 5 19 47 52 32 35 20 50 26 8 42 43 51 7 56 13 21 36 59 22
30 38 9 28 45 6 57 23 12 24 51 3 47 54 56 17 18 34 40 44 19 29 0 46 2 26 43 10 11 59 22 52 41 37 15 39 1 42 36 49 16 53 33 25 20 50 7 8 31 35 4 27 48 32 58 14 55 5 13 21
31 52 10 42 48 51 33 25 26 4 58 59 13 27 37 43 45 21 54 3 39 28 49 0 14 34 46 57 20 15 7 50 29 11 35 30 56 5 19 17 23 12 55 47 1 2 18 32 36 44 40 24 22 6 8 38 9 41 16 53
32 53 49 7 41 39 46 56 14 59 19 4 20 35 23 55 29 50 44 40 51 18 10 57 26 2 33 0 13 24 42 21 45 16 27 6 25 22 58 9 37 38 43 1 47 34 28 31 8 54 3 15 5 30 36 12 17 48 11 52
33 13 21 54 15 7 31 5 19 43 17 23 52 1 34 4 20 10 42 8 16 2 41 11 35 37 38 44 45 48 51 6 36 0 14 24 32 25 26 58 59 22 18 9 27 28 55 56 29 57 53 30 12 50 3 46 47 49 39 40
34 42 36 17 58 59 13 50 57 5 37 38 15 46 48 20 26 7 31 22 55 47 40 8 16 54 29 45 6 33 1 44 27 24 32 28 49 19 4 52 10 11 53 30 21 0 35 18 23 25 56 12 9 43 2 51 3 14 41 39
35 55 56 21 16 53 27 40 41 51 5 19 43 18 36 39 46 25 50 49 38 32 23 26 45 8 15 2 33 11 52 1 57 14 29 20 44 3 48 22 58 59 6 7 28 31 30 54 0 34 9 13 4 47 10 24 42 37 12 17
36 50 57 5 22 58 55 47 34 40 8 15 16 24 11 46 48 53 27 59 30 42 17 49 38 21 0 33 1 35 18 2 28 20 44 31 37 41 39 43 25 26 9 13 56 14 45 6 19 3 54 4 7 51 32 52 10 29 23 12
37 54 29 58 17 23 52 6 44 25 34 46 48 38 15 45 19 51 33 12 18 9 53 3 39 42 36 20 50 31 27 57 1 30 56 2 41 26 43 13 21 0 40 24 10 11 14 55 59 5 32 22 47 4 28 7 8 35 49 16
38 45 6 57 30 54 56 12 17 18 47 34 40 9 28 23 52 41 51 29 0 37 15 39 1 59 22 42 36 49 16 24 3 44 19 48 33 32 35 26 43 25 2 58 14 55 4 5 20 11 13 50 46 10 53 31 27 21 7 8
39 14 55 29 18 32 10 16 53 27 6 44 25 40 1 49 7 26 4 35 36 41 46 43 50 12 17 9 37 3 48 38 5 56 59 19 20 28 31 0 13 21 57 23 11 52 22 58 30 15 24 54 45 8 51 2 33 42 47 34
40 49 16 38 56 14 59 35 18 36 45 6 57 41 51 32 10 20 26 55 21 39 1 50 5 30 54 12 17 47 34 23 43 53 7 25 4 24 42 28 31 27 19 29 22 58 8 15 9 52 0 37 44 11 46 3 48 13 2 33
41 32 35 23 53 49 7 55 56 21 44 45 19 39 46 14 59 4 20 16 27 40 51 5 43 9 37 30 54 2 33 29 50 18 10 57 26 0 13 24 42 36 25 38 8 15 11 52 12 58 28 17 6 22 1 47 34 31 3 48
42 58 59 13 34 46 48 57 20 26 15 7 31 36 17 50 44 27 37 47 40 24 32 28 49 33 1 19 4 52 10 5 38 22 55 9 53 43 25 54 29 30 16 2 51 3 56 14 21 6 41 0 8 45 11 23 12 39 35 18
43 11 52 35 27 28 8 48 51 33 55 56 21 25 50 3 47 0 22 31 37 26 45 13 54 16 53 40 41 5 19 39 58 10 12 59 30 1 2 36 24 42 29 49 15 7 17 23 18 46 38 32 14 34 4 57 20 9 6 44
44 9 37 53 23 12 24 54 29 58 41 39 46 45 19 30 0 47 2 17 52 6 25 34 48 32 35 14 55 20 50 56 33 38 28 1 3 59 22 7 8 15 51 18 42 36 31 27 49 21 10 16 40 13 57 4 5 11 26 43
45 30 54 56 38 9 28 17 23 52 40 41 51 6 57 12 24 3 47 37 15 44 19 48 33 49 16 32 35 26 43 18 34 29 0 46 2 10 11 59 22 58 1 53 31 27 13 21 14 36 7 55 39 42 25 20 50 8 4 5
46 20 50 44 24 42 32 22 58 55 9 37 53 47 2 59 13 49 7 36 11 34 48 16 27 23 12 54 29 41 39 30 8 57 26 15 31 56 14 19 4 5 28 17 35 18 43 25 45 0 52 6 38 21 40 33 1 10 51 3
47 59 22 30 57 20 26 36 24 11 38 9 28 34 40 42 32 31 49 50 5 46 2 27 8 45 6 23 12 51 3 17 16 58 13 53 7 52 10 56 14 55 15 44 43 25 21 0 54 18 19 29 37 35 48 41 39 4 33 1
48 31 27 37 52 10 42 43 25 50 54 29 58 51 33 26 4 59 13 11 35 3 39 22 55 17 23 6 44 34 46 45 21 28 49 0 14 57 20 15 7 8 56 12 36 24 16 53 38 19 18 9 30 5 47 1 2 32 40 41
49 56 14 59 40 41 51 18 32 10 57 20 26 16 38 35 23 43 45 39 1 53 7 25 4 47 34 24 42 28 31 36 6 55 21 44 19 11 52 30 54 29 5 46 3 48 0 13 22 17 2 58 50 12 27 9 37 33 8 15
50 22 58 55 36 24 11 34 46 48 16 53 27 57 5 47 2 28 8 42 17 20 44 31 37 35 18 41 39 43 25 40 15 59 30 7 9 51 3 21 0 13 38 32 52 10 54 29 56 1 23 14 49 33 26 19 4 12 45 6
51 26 43 45 28 31 49 11 52 35 30 54 56 3 47 10 42 14 59 27 8 48 33 55 21 38 9 17 23 40 41 12 22 25 4 58 13 18 32 57 20 50 0 37 16 53 5 19 6 24 15 44 29 36 39 34 46 7 1 2
52 48 51 33 31 27 37 26 43 45 13 21 54 10 42 25 50 29 58 28 49 11 35 30 56 15 7 5 19 17 23 4 59 3 39 22 55 6 44 34 46 47 14 8 38 9 40 41 1 20 16 2 0 57 12 36 24 53 18 32
53 41 39 46 32 35 23 14 55 29 20 50 44 49 7 56 21 45 19 18 10 16 27 6 25 24 42 22 58 9 37 59 4 40 51 5 43 30 54 2 33 1 26 36 12 17 3 48 47 13 11 34 57 0 38 8 15 52 28 31
54 17 23 52 37 38 15 44 45 19 48 51 33 29 58 6 57 1 34 9 53 30 56 2 41 31 27 26 43 13 21 25 46 12 18 47 40 4 5 42 36 24 39 28 7 8 32 35 10 50 49 11 3 20 0 59 22 16 14 55
55 16 53 27 35 18 36 41 39 46 43 25 50 56 21 40 1 57 5 32 23 14 29 20 44 11 52 3 48 22 58 51 19 49 38 4 6 47 34 8 15 7 45 10 24 42 9 37 28 33 12 31 26 2 59 0 13 17 30 54
56 40 41 51 49 16 38 32 35 23 26 43 45 14 59 18 36 6 57 53 7 55 21 44 19 28 31 11 52 30 54 10 20 39 1 50 5 12 17 47 34 46 4 27 9 37 2 33 3 42 8 48 25 24 29 22 58 15 0 13
57 47 34 40 59 22 30 42 36 17 49 16 38 20 26 24 11 9 28 58 13 50 5 37 15 56 14 35 18 45 6 32 31 46 2 27 8 23 12 51 3 48 7 55 54 29 33 1 41 10 21 39 53 52 44 43 25 0 19 4
58 34 46 48 42 36 17 20 50 44 31 27 37 59 13 57 5 38 15 24 32 22 55 9 53 52 10 43 25 54 29 26 7 47 40 8 16 45 6 33 1 2 49 11 23 12 41 39 51 4 35 3 28 19 30 21 0 18 56 14
59 57 20 26 47 34 40 24 42 32 28 31 49 22 30 36 17 16 38 46 2 58 13 53 7 51 3 52 10 56 14 11 9 50 5 37 15 35 18 45 6 44 8 48 41 39 19 4 43 12 33 25 27 23 55 54 29 1 21 0
