120
0 1 2 3 4 5 6 7 8 9 10 11 12 13 14 15 16 17 18 19 20 21 22 23 24 25 26 27 28 29 30 31 32 33 34 35 36 37 38 39 40 41 42 43 44 45 46 47 48 49 50 51 52 53 54 55 56 57 58 59 60 61 62 63 64 65 66 67 68 69 70 71 72 73 74 75 76 77 78 79 80 81 82 83 84 85 86 87 88 89 90 91 92 93 94 95 96 97 98 99 100 101 102 103 104 105 106 107 108 109 110 111 112 113 114 115 116 117 118 119
1 3 4 7 8 9 10 0 13 14 15 16 17 2 21 22 23 24 25 26 27 5 6 32 33 34 35 36 37 38 39 40 11 12 46 47 48 49 50 51 52 31 53 54 55 28 18 19 20 45 62 63 41 64 65 66 67 68 69 70 71 42 29 30 61 76 77 78 79 59 58 80 81 82 83 56 43 44 75 90 91 92 93 94 95 96 97 98 99 72 57 60 89 103 104 105 86 85 106 107 108 109 84 73 74 102 111 112 113 114 115 87 88 117 118 119 110 100 101 116
2 5 6 8 11 12 3 14 15 18 19 20 7 23 24 0 28 29 30 31 13 34 35 36 1 41 42 43 44 45 21 22 49 50 51 52 4 17 56 57 58 59 60 61 32 33 40 64 65 66 37 9 10 27 72 73 74 75 25 46 47 48 78 79 80 53 16 39 84 85 86 87 88 89 62 63 92 93 94 67 26 55 83 100 101 95 102 97 76 77 105 106 107 81 38 70 71 91 99 110 103 90 69 104 113 114 96 54 109 116 111 112 119 82 68 108 117 118 115 98
3 7 8 0 13 14 15 1 2 21 22 23 24 4 5 6 32 33 34 35 36 9 10 11 12 46 47 48 49 50 51 52 16 17 18 19 20 45 62 63 41 40 64 65 66 37 25 26 27 28 29 30 31 61 76 77 78 79 59 58 80 53 38 39 42 43 44 75 90 70 69 91 92 93 94 67 54 55 56 57 60 89 103 104 105 86 85 106 107 81 68 71 72 73 74 102 97 96 111 112 113 114 95 82 83 84 87 88 117 118 119 98 99 100 101 116 115 108 109 110
4 9 10 13 16 17 7 21 22 25 26 27 0 32 33 1 37 38 39 40 2 46 47 48 3 31 53 54 55 28 5 6 45 62 63 41 8 24 67 68 69 70 71 42 11 12 52 61 76 77 49 14 15 36 81 82 83 56 34 18 19 20 75 90 91 64 23 51 95 96 97 98 99 72 29 30 89 103 104 78 35 66 94 108 109 105 84 85 43 44 102 111 112 92 50 58 80 60 107 115 73 57 59 74 117 118 86 65 114 110 87 88 116 93 79 113 100 101 119 106
5 8 11 14 15 18 19 2 23 24 0 28 29 6 34 35 36 1 41 42 43 12 3 49 50 51 52 4 17 56 57 58 20 7 40 64 65 66 37 9 10 22 27 72 73 44 30 31 13 33 78 79 59 80 53 16 39 84 85 86 87 60 45 21 48 92 93 94 67 46 25 26 55 83 100 74 61 32 63 105 106 107 81 38 70 71 91 99 110 88 75 47 77 104 113 114 102 95 96 54 109 116 101 89 62 69 112 119 82 68 108 97 76 118 115 98 111 103 90 117
6 12 3 15 20 7 8 24 0 30 31 13 14 36 1 2 44 45 21 22 23 51 52 4 5 59 60 61 32 33 34 35 66 37 9 10 11 29 74 75 25 46 47 48 49 50 58 80 53 16 17 18 19 43 88 89 62 63 41 40 64 65 94 67 26 27 28 57 101 95 102 97 76 77 78 79 107 81 38 39 42 73 100 103 90 70 69 91 92 93 114 96 54 55 56 86 87 106 110 111 104 105 85 113 82 68 71 72 116 117 112 119 98 83 84 109 118 115 108 99
7 0 13 1 2 21 22 3 4 5 6 32 33 8 9 10 11 12 46 47 48 14 15 16 17 18 19 20 45 62 63 41 23 24 25 26 27 28 29 30 31 52 61 76 77 49 34 35 36 37 38 39 40 42 43 44 75 90 70 69 91 64 50 51 53 54 55 56 57 58 59 60 89 103 104 78 65 66 67 68 71 72 73 74 102 97 96 111 112 92 79 80 81 82 83 84 85 86 87 88 117 118 105 93 94 95 98 99 100 101 116 106 107 108 109 110 119 113 114 115
8 14 15 2 23 24 0 5 6 34 35 36 1 11 12 3 49 50 51 52 4 18 19 20 7 40 64 65 66 37 9 10 28 29 30 31 13 33 78 79 59 58 80 53 16 17 41 42 43 44 45 21 22 48 92 93 94 67 46 25 26 27 56 57 60 61 32 63 105 86 85 106 107 81 38 39 72 73 74 75 47 77 104 113 114 102 95 96 54 55 84 87 88 89 62 69 91 71 112 119 82 68 70 83 100 101 97 76 118 115 98 99 110 103 90 117 108 109 116 111
9 13 16 21 22 25 26 4 32 33 1 37 38 10 46 47 48 3 31 53 54 17 7 45 62 63 41 8 24 67 68 69 27 0 52 61 76 77 49 14 15 6 36 81 82 55 39 40 2 12 75 90 70 91 64 23 51 95 96 97 98 71 28 5 20 89 103 104 78 18 34 35 66 94 108 83 42 11 30 102 111 112 92 50 58 80 60 107 115 99 56 19 44 74 117 118 84 105 86 65 114 110 109 72 29 59 88 116 93 79 113 85 43 101 119 106 87 73 57 100
10 17 7 22 27 0 13 33 1 39 40 2 21 48 3 4 55 28 5 6 32 63 41 8 9 70 71 42 11 12 46 47 77 49 14 15 16 38 83 56 34 18 19 20 45 62 69 91 64 23 24 25 26 54 99 72 29 30 31 52 61 76 104 78 35 36 37 68 109 105 84 85 43 44 75 90 112 92 50 51 53 82 108 73 57 58 59 60 89 103 118 86 65 66 67 97 98 111 115 87 74 102 96 117 93 79 80 81 110 100 88 116 106 94 95 114 101 119 113 107
11 18 19 23 28 29 14 34 35 41 42 43 2 49 50 5 17 56 57 58 6 40 64 65 8 22 27 72 73 44 12 3 33 78 79 59 15 1 39 84 85 86 87 60 20 7 10 48 92 93 66 24 0 4 55 83 100 74 51 30 31 13 63 105 106 80 36 9 70 71 91 99 110 88 45 21 77 104 113 94 52 16 38 109 116 114 101 95 61 32 69 112 119 107 37 25 26 47 54 108 89 75 46 62 118 115 102 53 68 111 97 76 117 81 67 82 103 90 98 96
12 15 20 24 0 30 31 6 36 1 2 44 45 3 51 52 4 5 59 60 61 7 8 66 37 9 10 11 29 74 75 25 13 14 58 80 53 16 17 18 19 35 43 88 89 32 21 22 23 50 94 67 46 26 27 28 57 101 95 102 97 47 33 34 65 107 81 38 39 40 41 42 73 100 103 62 48 49 79 114 96 54 55 56 86 87 106 110 111 76 63 64 93 113 82 68 69 70 71 72 116 117 90 77 78 85 119 98 83 84 109 91 92 115 108 99 112 104 105 118
13 21 22 4 32 33 1 9 10 46 47 48 3 16 17 7 45 62 63 41 8 25 26 27 0 52 61 76 77 49 14 15 37 38 39 40 2 12 75 90 70 69 91 64 23 24 31 53 54 55 28 5 6 20 89 103 104 78 18 34 35 36 67 68 71 42 11 30 102 97 96 111 112 92 50 51 81 82 83 56 19 44 74 117 118 84 105 86 65 66 95 98 99 72 29 59 60 80 88 116 93 79 58 94 108 109 85 43 101 119 106 107 115 73 57 100 113 114 110 87
14 2 23 5 6 34 35 8 11 12 3 49 50 15 18 19 20 7 40 64 65 24 0 28 29 30 31 13 33 78 79 59 36 1 41 42 43 44 45 21 22 10 48 92 93 66 51 52 4 17 56 57 58 60 61 32 63 105 86 85 106 80 37 9 27 72 73 74 75 25 46 47 77 104 113 94 53 16 39 84 87 88 89 62 69 91 71 112 119 107 67 26 55 83 100 101 95 102 97 76 118 115 114 81 38 70 99 110 103 90 117 96 54 109 116 111 98 82 68 108
15 24 0 6 36 1 2 12 3 51 52 4 5 20 7 8 66 37 9 10 11 30 31 13 14 58 80 53 16 17 18 19 44 45 21 22 23 50 94 67 46 25 26 27 28 29 59 60 61 32 33 34 35 65 107 81 38 39 40 41 42 43 74 75 47 48 49 79 114 102 95 96 54 55 56 57 88 89 62 63 64 93 113 82 68 69 70 71 72 73 101 97 76 77 78 85 106 87 119 98 83 84 86 100 103 90 91 92 115 108 99 110 111 104 105 118 109 116 117 112
16 25 26 32 37 38 21 46 47 31 53 54 4 45 62 9 24 67 68 69 10 52 61 76 13 6 36 81 82 55 17 7 12 75 90 70 22 3 51 95 96 97 98 71 27 0 15 20 89 103 77 33 1 8 66 94 108 83 63 39 40 2 30 102 111 91 48 14 58 80 60 107 115 99 28 5 44 74 117 104 41 23 50 114 110 118 109 105 42 11 59 88 116 112 49 34 35 19 65 113 72 56 18 29 101 119 84 64 79 87 85 43 100 92 78 93 73 57 106 86
17 22 27 33 1 39 40 10 48 3 4 55 28 7 63 41 8 9 70 71 42 0 13 77 49 14 15 16 38 83 56 34 2 21 69 91 64 23 24 25 26 47 54 99 72 11 5 6 32 62 104 78 18 35 36 37 68 109 105 84 85 19 12 46 76 112 92 50 51 52 31 53 82 108 73 29 20 45 90 118 86 65 66 67 97 98 111 115 87 43 30 61 103 117 93 79 59 58 80 81 110 100 57 44 75 96 116 106 94 95 114 60 89 119 113 107 88 74 102 101
18 23 28 34 35 41 42 11 49 50 5 17 56 19 40 64 65 8 22 27 72 29 14 33 78 79 59 15 1 39 84 85 43 2 10 48 92 93 66 24 0 3 4 55 83 73 57 58 6 7 63 105 86 106 80 36 9 70 71 91 99 87 44 12 13 77 104 113 94 30 51 52 16 38 109 100 60 20 21 69 112 119 107 37 25 26 47 54 108 110 74 31 32 62 118 115 101 114 102 53 68 111 116 88 45 46 76 117 81 67 82 95 61 90 98 96 97 89 75 103
19 29 14 35 43 2 23 50 5 57 58 6 34 65 8 11 73 44 12 3 49 79 59 15 18 86 87 60 20 7 40 64 93 66 24 0 28 56 100 74 51 30 31 13 33 78 85 106 80 36 1 41 42 72 110 88 45 21 22 10 48 92 113 94 52 4 17 84 116 114 101 95 61 32 63 105 119 107 37 9 27 83 109 89 75 25 46 47 77 104 115 102 53 16 39 91 99 112 108 97 62 69 71 118 81 67 26 55 111 103 76 117 96 38 70 68 90 98 82 54
20 30 31 36 44 45 24 51 52 59 60 61 6 66 37 12 29 74 75 25 3 58 80 53 15 35 43 88 89 32 7 8 50 94 67 46 0 5 57 101 95 102 97 47 13 14 19 65 107 81 16 1 2 11 73 100 103 62 9 21 22 23 79 114 96 26 4 18 86 87 106 110 111 76 33 34 93 113 82 38 10 28 56 116 117 68 90 70 48 49 85 119 98 54 17 41 42 64 72 109 77 63 40 78 115 108 69 27 84 112 91 92 118 55 39 83 104 105 99 71
21 4 32 9 10 46 47 13 16 17 7 45 62 22 25 26 27 0 52 61 76 33 1 37 38 39 40 2 12 75 90 70 48 3 31 53 54 55 28 5 6 15 20 89 103 77 63 41 8 24 67 68 69 71 42 11 30 102 97 96 111 91 49 14 36 81 82 83 56 34 18 19 44 74 117 104 64 23 51 95 98 99 72 29 59 60 80 88 116 112 78 35 66 94 108 109 105 84 85 43 101 119 118 92 50 58 107 115 73 57 100 86 65 114 110 87 106 93 79 113
22 33 1 10 48 3 4 17 7 63 41 8 9 27 0 13 77 49 14 15 16 39 40 2 21 69 91 64 23 24 25 26 55 28 5 6 32 62 104 78 18 34 35 36 37 38 70 71 42 11 12 46 47 76 112 92 50 51 52 31 53 54 83 56 19 20 45 90 118 84 105 86 65 66 67 68 99 72 29 30 61 103 117 93 79 59 58 80 81 82 109 85 43 44 75 96 111 98 116 106 94 95 97 108 73 57 60 89 119 113 107 115 87 74 102 101 114 110 100 88
23 34 35 11 49 50 5 18 19 40 64 65 8 28 29 14 33 78 79 59 15 41 42 43 2 10 48 92 93 66 24 0 17 56 57 58 6 7 63 105 86 85 106 80 36 1 22 27 72 73 44 12 3 13 77 104 113 94 30 51 52 4 39 84 87 60 20 21 69 91 71 112 119 107 37 9 55 83 100 74 31 32 62 118 115 101 114 102 53 16 70 99 110 88 45 46 47 26 76 117 81 67 25 38 109 116 95 61 90 98 96 54 108 89 75 103 82 68 111 97
24 6 36 12 3 51 52 15 20 7 8 66 37 0 30 31 13 14 58 80 53 1 2 44 45 21 22 23 50 94 67 46 4 5 59 60 61 32 33 34 35 19 65 107 81 16 9 10 11 29 74 75 25 47 48 49 79 114 102 95 96 26 17 18 43 88 89 62 63 41 40 64 93 113 82 38 27 28 57 101 97 76 77 78 85 106 87 119 98 54 39 42 73 100 103 90 70 69 91 92 115 108 68 55 56 86 110 111 104 105 118 71 72 116 117 112 99 83 84 109
25 32 37 46 47 31 53 16 45 62 9 24 67 26 52 61 76 13 6 36 81 38 21 12 75 90 70 22 3 51 95 96 54 4 15 20 89 103 77 33 1 7 8 66 94 82 68 69 10 0 30 102 97 111 91 48 14 58 80 60 107 98 55 17 2 44 74 117 104 39 63 41 23 50 114 108 71 27 5 59 88 116 112 49 34 35 19 65 113 115 83 40 11 29 101 119 109 118 84 64 79 87 110 99 28 18 43 100 92 78 93 105 42 57 106 86 85 72 56 73
26 38 21 47 54 4 32 62 9 68 69 10 46 76 13 16 82 55 17 7 45 90 70 22 25 97 98 71 27 0 52 61 103 77 33 1 37 67 108 83 63 39 40 2 12 75 96 111 91 48 3 31 53 81 115 99 28 5 6 15 20 89 117 104 41 8 24 95 110 118 109 105 42 11 30 102 116 112 49 14 36 94 114 72 56 34 18 19 44 74 119 84 64 23 51 60 107 88 113 85 29 59 80 101 92 78 35 66 87 73 43 100 86 50 58 79 57 106 93 65
27 39 40 48 55 28 33 63 41 70 71 42 10 77 49 17 38 83 56 34 7 69 91 64 22 47 54 99 72 11 0 13 62 104 78 18 1 9 68 109 105 84 85 19 2 21 26 76 112 92 23 3 4 16 82 108 73 29 14 5 6 32 90 118 86 35 8 25 97 98 111 115 87 43 12 46 103 117 93 50 15 37 67 110 100 79 57 58 20 45 96 116 106 65 24 31 53 61 81 114 44 30 52 75 119 113 59 36 95 88 60 89 101 66 51 94 74 102 107 80
28 41 42 49 17 56 34 40 64 22 27 72 11 33 78 18 1 39 84 85 19 10 48 92 23 3 4 55 83 73 29 14 7 63 105 86 35 8 9 70 71 91 99 87 43 2 0 13 77 104 93 50 5 15 16 38 109 100 79 57 58 6 21 69 112 106 65 24 25 26 47 54 108 110 44 12 32 62 118 113 59 36 37 68 111 115 116 114 60 20 46 76 117 119 66 51 52 31 53 82 88 74 30 45 90 98 101 80 67 97 95 61 103 107 94 81 89 75 96 102
29 35 43 50 5 57 58 19 65 8 11 73 44 14 79 59 15 18 86 87 60 2 23 93 66 24 0 28 56 100 74 51 6 34 85 106 80 36 1 41 42 64 72 110 88 20 12 3 49 78 113 94 30 52 4 17 84 116 114 101 95 31 7 40 92 119 107 37 9 10 22 27 83 109 89 45 13 33 105 115 102 53 16 39 91 99 112 108 97 61 21 48 104 118 81 67 46 25 26 55 111 103 75 32 63 71 117 96 38 70 68 47 77 98 82 54 76 62 69 90
30 36 44 51 52 59 60 20 66 37 12 29 74 31 58 80 53 15 35 43 88 45 24 50 94 67 46 0 5 57 101 95 61 6 19 65 107 81 16 1 2 8 11 73 100 89 75 25 3 14 79 114 102 96 26 4 18 86 87 106 110 97 32 7 23 93 113 82 38 21 9 10 28 56 116 103 47 13 34 85 119 98 54 17 41 42 64 72 109 111 62 22 49 78 115 108 90 68 69 27 84 112 117 76 33 40 92 118 55 39 83 70 48 105 99 71 91 77 63 104
31 45 24 52 61 6 36 37 12 75 25 3 51 53 15 20 89 32 7 8 66 67 46 0 30 102 97 47 13 14 58 80 81 16 1 2 44 74 103 62 9 21 22 23 50 94 95 96 26 4 5 59 60 88 111 76 33 34 35 19 65 107 82 38 10 11 29 101 117 68 90 70 48 49 79 114 98 54 17 18 43 100 116 77 63 41 40 64 93 113 108 69 27 28 57 106 110 119 109 91 78 85 87 115 55 39 42 73 112 104 92 118 71 56 86 84 105 99 83 72
32 46 47 16 45 62 9 25 26 52 61 76 13 37 38 21 12 75 90 70 22 31 53 54 4 15 20 89 103 77 33 1 24 67 68 69 10 0 30 102 97 96 111 91 48 3 6 36 81 82 55 17 7 2 44 74 117 104 39 63 41 8 51 95 98 71 27 5 59 60 80 88 116 112 49 14 66 94 108 83 40 11 29 101 119 109 118 84 64 23 58 107 115 99 28 18 19 35 43 100 92 78 34 50 114 110 105 42 57 106 86 65 113 72 56 73 93 79 87 85
33 10 48 17 7 63 41 22 27 0 13 77 49 1 39 40 2 21 69 91 64 3 4 55 28 5 6 32 62 104 78 18 8 9 70 71 42 11 12 46 47 26 76 112 92 23 14 15 16 38 83 56 34 19 20 45 90 118 84 105 86 35 24 25 54 99 72 29 30 31 52 61 103 117 93 50 36 37 68 109 85 43 44 75 96 111 98 116 106 65 51 53 82 108 73 57 58 59 60 89 119 113 79 66 67 97 115 87 74 102 101 80 81 110 100 88 107 94 95 114
34 11 49 18 19 40 64 23 28 29 14 33 78 35 41 42 43 2 10 48 92 50 5 17 56 57 58 6 7 63 105 86 65 8 22 27 72 73 44 12 3 0 13 77 104 93 79 59 15 1 39 84 85 87 60 20 21 69 91 71 112 106 66 24 4 55 83 100 74 51 30 31 32 62 118 113 80 36 9 70 99 110 88 45 46 47 26 76 117 119 94 52 16 38 109 116 114 101 95 61 90 98 115 107 37 25 54 108 89 75 103 102 53 68 111 97 96 81 67 82
35 50 5 19 65 8 11 29 14 79 59 15 18 43 2 23 93 66 24 0 28 57 58 6 34 85 106 80 36 1 41 42 73 44 12 3 49 78 113 94 30 51 52 4 17 56 86 87 60 20 7 40 64 92 119 107 37 9 10 22 27 72 100 74 31 13 33 105 115 101 114 102 53 16 39 84 110 88 45 21 48 104 118 81 67 46 25 26 55 83 116 95 61 32 63 71 112 99 117 96 38 70 91 109 89 75 47 77 98 82 54 108 97 62 69 90 68 111 103 76
36 51 52 20 66 37 12 30 31 58 80 53 15 44 45 24 50 94 67 46 0 59 60 61 6 19 65 107 81 16 1 2 29 74 75 25 3 14 79 114 102 95 96 26 4 5 35 43 88 89 32 7 8 23 93 113 82 38 21 9 10 11 57 101 97 47 13 34 85 106 87 119 98 54 17 18 73 100 103 62 22 49 78 115 108 90 68 69 27 28 86 110 111 76 33 40 64 42 92 118 55 39 41 56 116 117 70 48 105 99 71 72 109 77 63 104 83 84 112 91
37 31 53 45 24 67 46 52 61 6 36 81 16 12 75 25 3 51 95 96 26 15 20 89 32 7 8 66 94 82 38 21 0 30 102 97 47 13 14 58 80 60 107 98 54 4 1 2 44 74 103 62 9 22 23 50 114 108 90 68 69 10 5 59 88 111 76 33 34 35 19 65 113 115 55 17 11 29 101 117 70 48 49 79 87 119 110 118 71 27 18 43 100 116 77 63 41 40 64 93 99 83 39 28 57 106 109 91 78 85 105 42 73 112 104 92 72 56 86 84
38 47 54 62 9 68 69 26 76 13 16 82 55 21 90 70 22 25 97 98 71 4 32 103 77 33 1 37 67 108 83 63 10 46 96 111 91 48 3 31 53 61 81 115 99 27 17 7 45 75 117 104 39 41 8 24 95 110 118 109 105 40 0 52 89 116 112 49 14 15 6 36 94 114 72 28 2 12 102 119 84 64 23 51 60 107 88 113 85 42 5 20 74 101 92 78 18 34 35 66 87 73 56 11 30 80 100 86 50 58 79 19 44 106 93 65 43 29 59 57
39 48 55 63 41 70 71 27 77 49 17 38 83 40 69 91 64 22 47 54 99 28 33 62 104 78 18 1 9 68 109 105 42 10 26 76 112 92 23 3 4 13 16 82 108 72 56 34 7 21 90 118 84 86 35 8 25 97 98 111 115 85 11 0 32 103 117 93 50 5 14 15 37 67 110 73 19 2 46 96 116 106 65 24 31 53 61 81 114 87 29 6 45 75 119 113 57 79 59 36 95 88 100 43 12 52 89 101 66 51 94 58 20 102 107 80 60 44 30 74
40 28 33 41 42 10 48 49 17 56 34 7 63 64 22 27 72 11 0 13 77 78 18 1 39 84 85 19 2 21 69 91 92 23 3 4 55 83 73 29 14 5 6 32 62 104 105 86 35 8 9 70 71 99 87 43 12 46 47 26 76 112 93 50 15 16 38 109 100 79 57 58 20 45 90 118 106 65 24 25 54 108 110 44 30 31 52 61 103 117 113 59 36 37 68 111 115 116 114 60 75 96 98 119 66 51 53 82 88 74 89 101 80 67 97 95 102 107 94 81
41 49 17 40 64 22 27 28 33 78 18 1 39 42 10 48 92 23 3 4 55 56 34 7 63 105 86 35 8 9 70 71 72 11 0 13 77 104 93 50 5 14 15 16 38 83 84 85 19 2 21 69 91 112 106 65 24 25 26 47 54 99 73 29 6 32 62 118 113 57 79 59 36 37 68 109 87 43 12 46 76 117 119 66 51 52 31 53 82 108 100 58 20 45 90 98 116 115 101 80 67 97 111 110 44 30 61 103 107 94 81 114 60 75 96 102 95 88 74 89
42 56 34 64 72 11 49 78 18 84 85 19 40 92 23 28 83 73 29 14 33 105 86 35 41 91 99 87 43 2 10 48 104 93 50 5 17 39 109 100 79 57 58 6 7 63 71 112 106 65 8 22 27 55 108 110 44 12 3 0 13 77 118 113 59 15 1 70 111 115 116 114 60 20 21 69 117 119 66 24 4 38 68 88 74 51 30 31 32 62 98 101 80 36 9 47 54 76 82 95 45 46 26 90 107 94 52 16 97 89 61 103 102 37 25 67 75 96 81 53
43 57 58 65 73 44 50 79 59 86 87 60 19 93 66 29 56 100 74 51 14 85 106 80 35 64 72 110 88 20 2 23 78 113 94 30 5 18 84 116 114 101 95 31 6 34 42 92 119 107 36 8 11 28 83 109 89 45 24 12 3 49 105 115 102 52 15 41 91 99 112 108 97 61 7 40 104 118 81 37 0 17 39 111 103 67 75 25 13 33 71 117 96 53 1 22 27 48 55 68 32 21 10 63 98 82 46 4 70 76 47 77 90 16 9 38 62 69 54 26
44 59 60 66 29 74 51 58 80 35 43 88 20 50 94 30 5 57 101 95 31 19 65 107 36 8 11 73 100 89 45 24 14 79 114 102 52 15 18 86 87 106 110 97 61 6 2 23 93 113 81 37 12 0 28 56 116 103 67 75 25 3 34 85 119 96 53 1 41 42 64 72 109 111 32 7 49 78 115 82 46 4 17 84 112 108 117 68 47 13 40 92 118 98 16 9 10 22 27 83 76 62 21 33 105 99 90 26 39 91 70 48 104 54 38 55 77 63 71 69
45 52 61 37 12 75 25 31 53 15 20 89 32 24 67 46 0 30 102 97 47 6 36 81 16 1 2 44 74 103 62 9 3 51 95 96 26 4 5 59 60 80 88 111 76 13 7 8 66 94 82 38 21 10 11 29 101 117 68 90 70 22 14 58 107 98 54 17 18 19 35 43 100 116 77 33 23 50 114 108 69 27 28 57 106 110 119 109 91 48 34 65 113 115 55 39 40 41 42 73 112 104 63 49 79 87 118 71 56 86 84 64 93 99 83 72 92 78 85 105
46 16 45 25 26 52 61 32 37 38 21 12 75 47 31 53 54 4 15 20 89 62 9 24 67 68 69 10 0 30 102 97 76 13 6 36 81 82 55 17 7 1 2 44 74 103 90 70 22 3 51 95 96 98 71 27 5 59 60 80 88 111 77 33 8 66 94 108 83 63 39 40 11 29 101 117 91 48 14 58 107 115 99 28 18 19 35 43 100 116 104 41 23 50 114 110 118 109 105 42 57 106 119 112 49 34 65 113 72 56 73 84 64 79 87 85 86 92 78 93
47 62 9 26 76 13 16 38 21 90 70 22 25 54 4 32 103 77 33 1 37 68 69 10 46 96 111 91 48 3 31 53 82 55 17 7 45 75 117 104 39 63 41 8 24 67 97 98 71 27 0 52 61 89 116 112 49 14 15 6 36 81 108 83 40 2 12 102 119 109 118 84 64 23 51 95 115 99 28 5 20 74 101 92 78 18 34 35 66 94 110 105 42 11 30 80 88 107 100 86 50 58 60 114 72 56 19 44 106 93 65 113 85 29 59 57 79 87 73 43
48 63 41 27 77 49 17 39 40 69 91 64 22 55 28 33 62 104 78 18 1 70 71 42 10 26 76 112 92 23 3 4 38 83 56 34 7 21 90 118 84 105 86 35 8 9 47 54 99 72 11 0 13 32 103 117 93 50 5 14 15 16 68 109 85 19 2 46 96 111 98 116 106 65 24 25 82 108 73 29 6 45 75 119 113 57 79 59 36 37 97 115 87 43 12 52 61 53 89 101 66 51 31 67 110 100 58 20 102 107 80 81 114 44 30 74 94 95 88 60
49 40 64 28 33 78 18 41 42 10 48 92 23 17 56 34 7 63 105 86 35 22 27 72 11 0 13 77 104 93 50 5 1 39 84 85 19 2 21 69 91 71 112 106 65 8 3 4 55 83 73 29 14 6 32 62 118 113 57 79 59 15 9 70 99 87 43 12 46 47 26 76 117 119 66 24 16 38 109 100 58 20 45 90 98 116 115 101 80 36 25 54 108 110 44 30 31 52 61 103 107 94 51 37 68 111 114 60 75 96 102 53 82 88 74 89 81 67 97 95
50 19 65 29 14 79 59 35 43 2 23 93 66 5 57 58 6 34 85 106 80 8 11 73 44 12 3 49 78 113 94 30 15 18 86 87 60 20 7 40 64 42 92 119 107 36 24 0 28 56 100 74 51 31 13 33 105 115 101 114 102 52 1 41 72 110 88 45 21 22 10 48 104 118 81 37 4 17 84 116 95 61 32 63 71 112 99 117 96 53 9 27 83 109 89 75 25 46 47 77 98 82 67 16 39 91 108 97 62 69 90 26 55 111 103 76 54 38 70 68
51 20 66 30 31 58 80 36 44 45 24 50 94 52 59 60 61 6 19 65 107 37 12 29 74 75 25 3 14 79 114 102 53 15 35 43 88 89 32 7 8 2 23 93 113 81 67 46 0 5 57 101 95 97 47 13 34 85 106 87 119 96 16 1 11 73 100 103 62 9 21 22 49 78 115 82 26 4 18 86 110 111 76 33 40 64 42 92 118 98 38 10 28 56 116 117 68 90 70 48 105 99 108 54 17 41 72 109 77 63 104 69 27 84 112 91 71 55 39 83
52 37 12 31 53 15 20 45 24 67 46 0 30 61 6 36 81 16 1 2 44 75 25 3 51 95 96 26 4 5 59 60 89 32 7 8 66 94 82 38 21 9 10 11 29 74 102 97 47 13 14 58 80 107 98 54 17 18 19 35 43 88 103 62 22 23 50 114 108 90 68 69 27 28 57 101 111 76 33 34 65 113 115 55 39 40 41 42 73 100 117 70 48 49 79 87 119 110 118 71 56 86 106 116 77 63 64 93 99 83 72 109 91 78 85 105 84 112 104 92
53 67 46 61 81 16 45 75 25 95 96 26 52 89 32 37 94 82 38 21 12 102 97 47 31 60 107 98 54 4 15 20 74 103 62 9 24 51 114 108 90 68 69 10 0 30 80 88 111 76 13 6 36 66 113 115 55 17 7 1 2 44 101 117 70 22 3 58 87 119 110 118 71 27 5 59 100 116 77 33 8 50 79 99 83 63 39 40 11 29 106 109 91 48 14 19 65 43 93 105 28 18 35 57 112 104 41 23 85 72 42 73 84 49 34 78 56 86 92 64
54 68 69 76 82 55 62 90 70 97 98 71 26 103 77 38 67 108 83 63 21 96 111 91 47 61 81 115 99 27 4 32 75 117 104 39 9 25 95 110 118 109 105 40 10 46 53 89 116 112 48 13 16 37 94 114 72 28 33 17 7 45 102 119 84 41 22 31 60 107 88 113 85 42 0 52 74 101 92 49 1 24 51 87 73 78 56 34 2 12 80 100 86 64 3 6 36 20 66 79 11 5 15 30 106 93 18 8 58 43 19 44 57 23 14 50 29 59 65 35
55 70 71 77 38 83 63 69 91 47 54 99 27 62 104 39 9 68 109 105 40 26 76 112 48 13 16 82 108 72 28 33 21 90 118 84 41 22 25 97 98 111 115 85 42 10 4 32 103 117 92 49 17 1 37 67 110 73 78 56 34 7 46 96 116 86 64 3 31 53 61 81 114 87 11 0 45 75 119 93 18 8 24 95 88 113 100 79 19 2 52 89 101 106 23 14 15 6 36 94 43 29 5 12 102 107 57 35 51 60 58 20 74 65 50 66 44 30 80 59
56 64 72 78 18 84 85 42 92 23 28 83 73 34 105 86 35 41 91 99 87 11 49 104 93 50 5 17 39 109 100 79 19 40 71 112 106 65 8 22 27 48 55 108 110 43 29 14 33 63 118 113 57 59 15 1 70 111 115 116 114 58 2 10 77 117 119 66 24 0 3 4 38 68 88 44 6 7 69 98 101 80 36 9 47 54 76 82 95 60 12 13 62 90 107 94 30 51 52 16 97 89 74 20 21 26 103 102 37 25 67 31 32 96 81 53 61 45 46 75
57 65 73 79 59 86 87 43 93 66 29 56 100 58 85 106 80 35 64 72 110 44 50 78 113 94 30 5 18 84 116 114 60 19 42 92 119 107 36 8 11 23 28 83 109 88 74 51 14 34 105 115 101 102 52 15 41 91 99 112 108 95 20 2 49 104 118 81 37 12 24 0 17 39 111 89 31 6 40 71 117 96 53 1 22 27 48 55 68 97 45 3 33 63 98 82 75 67 46 4 70 76 103 61 7 10 77 90 16 9 38 25 13 69 54 26 47 32 21 62
58 44 50 59 60 19 65 66 29 74 51 14 79 80 35 43 88 20 2 23 93 94 30 5 57 101 95 31 6 34 85 106 107 36 8 11 73 100 89 45 24 12 3 49 78 113 114 102 52 15 18 86 87 110 97 61 7 40 64 42 92 119 81 37 0 28 56 116 103 67 75 25 13 33 105 115 96 53 1 41 72 109 111 32 21 22 10 48 104 118 82 46 4 17 84 112 108 117 68 47 63 71 99 98 16 9 27 83 76 62 77 90 26 39 91 70 69 54 38 55
59 66 29 58 80 35 43 44 50 94 30 5 57 60 19 65 107 36 8 11 73 74 51 14 79 114 102 52 15 18 86 87 88 20 2 23 93 113 81 37 12 24 0 28 56 100 101 95 31 6 34 85 106 119 96 53 1 41 42 64 72 110 89 45 3 49 78 115 82 75 67 46 4 17 84 116 97 61 7 40 92 118 98 16 9 10 22 27 83 109 103 25 13 33 105 99 117 108 90 26 39 91 112 111 32 21 48 104 54 38 55 68 47 63 71 69 70 76 62 77
60 74 51 80 88 20 66 94 30 101 95 31 58 107 36 44 100 89 45 24 50 114 102 52 59 106 110 97 61 6 19 65 113 81 37 12 29 57 116 103 67 75 25 3 14 79 87 119 96 53 15 35 43 73 109 111 32 7 8 2 23 93 115 82 46 0 5 86 112 108 117 68 47 13 34 85 118 98 16 1 11 56 84 76 62 9 21 22 49 78 99 90 26 4 18 64 72 92 83 70 33 40 42 105 54 38 10 28 91 77 48 104 69 17 41 39 63 71 55 27
61 75 25 53 89 32 37 67 46 102 97 47 31 81 16 45 74 103 62 9 24 95 96 26 52 80 88 111 76 13 6 36 94 82 38 21 12 30 101 117 68 90 70 22 3 51 60 107 98 54 4 15 20 44 100 116 77 33 1 7 8 66 114 108 69 10 0 59 106 110 119 109 91 48 14 58 113 115 55 17 2 29 57 112 104 39 63 41 23 50 87 118 71 27 5 35 43 65 73 84 49 34 19 79 99 83 40 11 86 92 64 93 105 28 18 56 78 85 72 42
62 26 76 38 21 90 70 47 54 4 32 103 77 9 68 69 10 46 96 111 91 13 16 82 55 17 7 45 75 117 104 39 22 25 97 98 71 27 0 52 61 53 89 116 112 48 33 1 37 67 108 83 63 40 2 12 102 119 109 118 84 41 3 31 81 115 99 28 5 6 15 20 74 101 92 49 8 24 95 110 105 42 11 30 80 88 107 100 86 64 14 36 94 114 72 56 34 18 19 44 106 93 78 23 51 60 113 85 29 59 57 35 66 87 73 43 65 50 58 79
63 27 77 39 40 69 91 48 55 28 33 62 104 41 70 71 42 10 26 76 112 49 17 38 83 56 34 7 21 90 118 84 64 22 47 54 99 72 11 0 13 4 32 103 117 92 78 18 1 9 68 109 105 85 19 2 46 96 111 98 116 86 23 3 16 82 108 73 29 14 5 6 45 75 119 93 35 8 25 97 115 87 43 12 52 61 53 89 101 106 50 15 37 67 110 100 79 57 58 20 102 107 113 65 24 31 81 114 44 30 74 59 36 95 88 60 80 66 51 94
64 78 18 42 92 23 28 56 34 105 86 35 41 72 11 49 104 93 50 5 17 84 85 19 40 71 112 106 65 8 22 27 83 73 29 14 33 63 118 113 57 79 59 15 1 39 91 99 87 43 2 10 48 77 117 119 66 24 0 3 4 55 109 100 58 6 7 69 98 116 115 101 80 36 9 70 108 110 44 12 13 62 90 107 94 30 51 52 16 38 111 114 60 20 21 26 76 54 103 102 37 25 47 68 88 74 31 32 96 81 53 82 95 45 46 75 67 97 89 61
65 79 59 43 93 66 29 57 58 85 106 80 35 73 44 50 78 113 94 30 5 86 87 60 19 42 92 119 107 36 8 11 56 100 74 51 14 34 105 115 101 114 102 52 15 18 64 72 110 88 20 2 23 49 104 118 81 37 12 24 0 28 84 116 95 31 6 40 71 112 99 117 96 53 1 41 83 109 89 45 3 33 63 98 82 75 67 46 4 17 91 108 97 61 7 10 48 27 77 90 16 9 22 39 111 103 25 13 69 54 26 55 68 32 21 62 38 70 76 47
66 58 80 44 50 94 30 59 60 19 65 107 36 29 74 51 14 79 114 102 52 35 43 88 20 2 23 93 113 81 37 12 5 57 101 95 31 6 34 85 106 87 119 96 53 15 8 11 73 100 89 45 24 3 49 78 115 82 75 67 46 0 18 86 110 97 61 7 40 64 42 92 118 98 16 1 28 56 116 103 25 13 33 105 99 117 108 90 26 4 41 72 109 111 32 21 22 10 48 104 54 38 9 17 84 112 68 47 63 71 69 27 83 76 62 77 55 39 91 70
67 61 81 75 25 95 96 53 89 32 37 94 82 46 102 97 47 31 60 107 98 16 45 74 103 62 9 24 51 114 108 90 26 52 80 88 111 76 13 6 36 20 66 113 115 54 38 21 12 30 101 117 68 70 22 3 58 87 119 110 118 69 4 15 44 100 116 77 33 1 7 8 50 79 99 55 10 0 59 106 109 91 48 14 19 65 43 93 105 71 17 2 29 57 112 104 39 63 41 23 85 72 83 27 5 35 73 84 49 34 78 40 11 86 92 64 42 28 18 56
68 76 82 90 70 97 98 54 103 77 38 67 108 69 96 111 91 47 61 81 115 55 62 75 117 104 39 9 25 95 110 118 71 26 53 89 116 112 48 13 16 32 37 94 114 99 83 63 21 46 102 119 109 84 41 22 31 60 107 88 113 105 27 4 45 74 101 92 49 17 33 1 24 51 87 72 40 10 52 80 100 86 64 3 6 36 20 66 79 85 28 7 12 30 106 93 56 78 18 8 58 43 73 42 0 15 44 57 23 14 50 34 2 59 65 35 19 11 5 29
69 55 62 70 71 26 76 77 38 83 63 21 90 91 47 54 99 27 4 32 103 104 39 9 68 109 105 40 10 46 96 111 112 48 13 16 82 108 72 28 33 17 7 45 75 117 118 84 41 22 25 97 98 115 85 42 0 52 61 53 89 116 92 49 1 37 67 110 73 78 56 34 2 12 102 119 86 64 3 31 81 114 87 11 5 6 15 20 74 101 93 18 8 24 95 88 113 100 79 19 30 80 107 106 23 14 36 94 43 29 44 57 35 51 60 58 59 65 50 66
70 77 38 69 91 47 54 55 62 104 39 9 68 71 26 76 112 48 13 16 82 83 63 21 90 118 84 41 22 25 97 98 99 27 4 32 103 117 92 49 17 33 1 37 67 108 109 105 40 10 46 96 111 116 86 64 3 31 53 61 81 115 72 28 7 45 75 119 93 56 78 18 8 24 95 110 85 42 0 52 89 101 106 23 14 15 6 36 94 114 73 34 2 12 102 107 100 113 57 35 51 60 88 87 11 5 20 74 65 50 66 79 19 30 80 59 58 43 29 44
71 83 63 91 99 27 77 104 39 109 105 40 69 112 48 55 108 72 28 33 62 118 84 41 70 111 115 85 42 10 26 76 117 92 49 17 38 68 110 73 78 56 34 7 21 90 98 116 86 64 22 47 54 82 114 87 11 0 13 4 32 103 119 93 18 1 9 97 88 113 100 79 19 2 46 96 101 106 23 3 16 67 95 43 29 14 5 6 45 75 107 57 35 8 25 61 81 89 94 58 12 52 53 102 65 50 15 37 60 44 20 74 59 24 31 51 30 80 66 36
72 84 85 92 83 73 78 105 86 91 99 87 42 104 93 56 39 109 100 79 34 71 112 106 64 48 55 108 110 43 11 49 63 118 113 57 18 41 70 111 115 116 114 58 19 40 27 77 117 119 65 23 28 17 38 68 88 44 50 29 14 33 69 98 101 59 35 22 47 54 76 82 95 60 2 10 62 90 107 66 5 1 9 97 89 94 74 51 6 7 26 103 102 80 8 3 4 13 16 67 20 12 0 21 96 81 30 15 25 61 31 32 75 36 24 37 45 46 53 52
73 86 87 93 56 100 79 85 106 64 72 110 43 78 113 57 18 84 116 114 58 42 92 119 65 23 28 83 109 88 44 50 34 105 115 101 59 35 41 91 99 112 108 95 60 19 11 49 104 118 107 66 29 5 17 39 111 89 94 74 51 14 40 71 117 102 80 8 22 27 48 55 68 97 20 2 33 63 98 81 30 15 1 70 76 82 103 67 31 6 10 77 90 96 36 24 0 3 4 38 61 45 12 7 69 54 75 52 9 47 25 13 62 53 37 16 32 21 26 46
74 80 88 94 30 101 95 60 107 36 44 100 89 51 114 102 52 59 106 110 97 20 66 113 81 37 12 29 57 116 103 67 31 58 87 119 96 53 15 35 43 65 73 109 111 61 45 24 50 79 115 82 75 46 0 5 86 112 108 117 68 25 6 19 93 118 98 16 1 2 8 11 56 84 76 32 3 14 85 99 90 26 4 18 64 72 92 83 70 47 7 23 78 105 54 38 21 9 10 28 91 77 62 13 34 42 104 69 17 41 39 22 49 71 55 27 48 33 40 63
75 53 89 67 46 102 97 61 81 16 45 74 103 25 95 96 26 52 80 88 111 32 37 94 82 38 21 12 30 101 117 68 47 31 60 107 98 54 4 15 20 36 44 100 116 76 62 9 24 51 114 108 90 69 10 0 59 106 110 119 109 70 13 6 66 113 115 55 17 7 1 2 29 57 112 77 22 3 58 87 118 71 27 5 35 43 65 73 84 91 33 8 50 79 99 83 63 39 40 11 86 92 104 48 14 19 93 105 28 18 56 41 23 85 72 42 64 49 34 78
76 90 70 54 103 77 38 68 69 96 111 91 47 82 55 62 75 117 104 39 9 97 98 71 26 53 89 116 112 48 13 16 67 108 83 63 21 46 102 119 109 118 84 41 22 25 61 81 115 99 27 4 32 45 74 101 92 49 17 33 1 37 95 110 105 40 10 52 80 88 107 100 86 64 3 31 94 114 72 28 7 12 30 106 93 56 78 18 8 24 60 113 85 42 0 15 20 36 44 57 23 14 6 51 87 73 34 2 59 65 35 66 79 11 5 29 50 58 43 19
77 69 91 55 62 104 39 70 71 26 76 112 48 38 83 63 21 90 118 84 41 47 54 99 27 4 32 103 117 92 49 17 9 68 109 105 40 10 46 96 111 98 116 86 64 22 13 16 82 108 72 28 33 7 45 75 119 93 56 78 18 1 25 97 115 85 42 0 52 61 53 89 101 106 23 3 37 67 110 73 34 2 12 102 107 100 113 57 35 8 31 81 114 87 11 5 6 15 20 74 65 50 14 24 95 88 79 19 30 80 59 36 94 43 29 44 66 51 60 58
78 42 92 56 34 105 86 64 72 11 49 104 93 18 84 85 19 40 71 112 106 23 28 83 73 29 14 33 63 118 113 57 35 41 91 99 87 43 2 10 48 27 77 117 119 65 50 5 17 39 109 100 79 58 6 7 69 98 116 115 101 59 8 22 55 108 110 44 12 3 0 13 62 90 107 66 15 1 70 111 114 60 20 21 26 76 54 103 102 80 24 4 38 68 88 74 51 30 31 32 96 81 94 36 9 47 82 95 45 46 75 52 16 97 89 61 53 37 25 67
79 43 93 57 58 85 106 65 73 44 50 78 113 59 86 87 60 19 42 92 119 66 29 56 100 74 51 14 34 105 115 101 80 35 64 72 110 88 20 2 23 11 49 104 118 107 94 30 5 18 84 116 114 95 31 6 40 71 112 99 117 102 36 8 28 83 109 89 45 24 12 3 33 63 98 81 52 15 41 91 108 97 61 7 10 48 27 77 90 96 37 0 17 39 111 103 67 75 25 13 69 54 82 53 1 22 55 68 32 21 62 46 4 70 76 47 26 16 9 38
80 94 30 60 107 36 44 74 51 114 102 52 59 88 20 66 113 81 37 12 29 101 95 31 58 87 119 96 53 15 35 43 100 89 45 24 50 79 115 82 75 67 46 0 5 57 106 110 97 61 6 19 65 93 118 98 16 1 2 8 11 73 116 103 25 3 14 85 99 117 108 90 26 4 18 86 109 111 32 7 23 78 105 54 38 21 9 10 28 56 112 68 47 13 34 42 92 72 104 69 17 41 64 84 76 62 22 49 71 55 27 83 70 33 40 63 39 91 77 48
81 95 96 89 94 82 75 102 97 60 107 98 53 74 103 67 51 114 108 90 46 80 88 111 61 20 66 113 115 54 16 45 30 101 117 68 25 31 58 87 119 110 118 69 26 52 36 44 100 116 76 32 37 24 50 79 99 55 62 38 21 12 59 106 109 70 47 6 19 65 43 93 105 71 4 15 29 57 112 77 9 3 14 85 72 104 83 63 10 0 35 73 84 91 13 7 8 2 23 78 27 17 1 5 86 92 39 22 34 42 40 11 56 48 33 49 28 18 64 41
82 97 98 103 67 108 90 96 111 61 81 115 54 75 117 68 25 95 110 118 69 53 89 116 76 32 37 94 114 99 55 62 46 102 119 109 70 47 31 60 107 88 113 105 71 26 16 45 74 101 112 77 38 9 24 51 87 72 104 83 63 21 52 80 100 84 91 13 6 36 20 66 79 85 27 4 12 30 106 92 39 22 3 58 43 93 73 78 40 10 15 44 57 86 48 33 1 7 8 50 42 28 17 0 59 65 56 41 14 19 34 2 29 64 49 23 11 5 35 18
83 91 99 104 39 109 105 71 112 48 55 108 72 63 118 84 41 70 111 115 85 27 77 117 92 49 17 38 68 110 73 78 40 69 98 116 86 64 22 47 54 76 82 114 87 42 28 33 62 90 119 93 56 18 1 9 97 88 113 100 79 34 10 26 103 101 106 23 3 4 13 16 67 95 43 11 7 21 96 107 57 35 8 25 61 81 89 94 58 19 0 32 75 102 65 50 5 14 15 37 60 44 29 2 46 53 74 59 24 31 51 6 45 80 66 36 20 12 52 30
84 92 83 105 86 91 99 72 104 93 56 39 109 85 71 112 106 64 48 55 108 73 78 63 118 113 57 18 41 70 111 115 87 42 27 77 117 119 65 23 28 49 17 38 68 110 100 79 34 40 69 98 116 101 59 35 22 47 54 76 82 114 43 11 33 62 90 107 66 29 50 5 1 9 97 88 58 19 10 26 103 102 80 8 3 4 13 16 67 95 44 14 7 21 96 81 74 94 30 15 25 61 89 60 2 0 32 75 36 24 37 51 6 46 53 52 31 20 12 45
85 73 78 86 87 42 92 93 56 100 79 34 105 106 64 72 110 43 11 49 104 113 57 18 84 116 114 58 19 40 71 112 119 65 23 28 83 109 88 44 50 29 14 33 63 118 115 101 59 35 41 91 99 108 95 60 2 10 48 27 77 117 107 66 5 17 39 111 89 94 74 51 6 7 69 98 102 80 8 22 55 68 97 20 12 3 0 13 62 90 81 30 15 1 70 76 82 103 67 31 21 26 54 96 36 24 4 38 61 45 32 75 52 9 47 25 46 53 37 16
86 93 56 85 106 64 72 73 78 113 57 18 84 87 42 92 119 65 23 28 83 100 79 34 105 115 101 59 35 41 91 99 110 43 11 49 104 118 107 66 29 50 5 17 39 109 116 114 58 19 40 71 112 117 102 80 8 22 27 48 55 108 88 44 14 33 63 98 81 74 94 30 15 1 70 111 95 60 2 10 77 90 96 36 24 0 3 4 38 68 89 51 6 7 69 54 103 82 75 52 9 47 76 97 20 12 13 62 53 37 16 67 31 21 26 46 25 61 45 32
87 100 79 106 110 43 93 113 57 116 114 58 85 119 65 73 109 88 44 50 78 115 101 59 86 112 108 95 60 19 42 92 118 107 66 29 56 84 111 89 94 74 51 14 34 105 99 117 102 80 35 64 72 83 68 97 20 2 23 11 49 104 98 81 30 5 18 91 76 82 103 67 31 6 40 71 90 96 36 8 28 39 70 61 45 24 12 3 33 63 54 75 52 15 41 48 55 77 38 25 7 10 27 69 53 37 0 17 47 32 13 62 46 1 22 9 21 26 16 4
88 101 95 107 100 89 94 114 102 106 110 97 60 113 81 74 57 116 103 67 51 87 119 96 80 65 73 109 111 61 20 66 79 115 82 75 30 59 86 112 108 117 68 25 31 58 43 93 118 98 53 36 44 29 56 84 76 32 37 45 24 50 85 99 90 46 52 35 64 72 92 83 70 47 6 19 78 105 54 16 12 5 18 91 77 38 62 9 3 14 42 104 69 26 15 8 11 23 28 39 13 7 2 34 71 55 21 0 41 48 22 49 63 4 1 17 33 40 27 10
89 102 97 81 74 103 67 95 96 80 88 111 61 94 82 75 30 101 117 68 25 60 107 98 53 36 44 100 116 76 32 37 51 114 108 90 46 52 59 106 110 119 109 70 47 31 20 66 113 115 54 16 45 12 29 57 112 77 38 62 9 24 58 87 118 69 26 15 35 43 65 73 84 91 13 6 50 79 99 55 21 0 5 86 92 83 104 39 22 3 19 93 105 71 4 1 2 8 11 56 48 33 7 14 85 72 63 10 18 64 41 23 78 27 17 28 49 34 42 40
90 54 103 68 69 96 111 76 82 55 62 75 117 70 97 98 71 26 53 89 116 77 38 67 108 83 63 21 46 102 119 109 91 47 61 81 115 99 27 4 32 16 45 74 101 112 104 39 9 25 95 110 118 105 40 10 52 80 88 107 100 84 48 13 37 94 114 72 28 33 17 7 12 30 106 92 41 22 31 60 113 85 42 0 15 20 36 44 57 86 49 1 24 51 87 73 78 56 34 2 59 65 93 64 3 6 66 79 11 5 29 18 8 58 43 19 35 23 14 50
91 104 39 71 112 48 55 83 63 118 84 41 70 99 27 77 117 92 49 17 38 109 105 40 69 98 116 86 64 22 47 54 108 72 28 33 62 90 119 93 56 78 18 1 9 68 111 115 85 42 10 26 76 103 101 106 23 3 4 13 16 82 110 73 34 7 21 96 107 100 113 57 35 8 25 97 114 87 11 0 32 75 102 65 50 5 14 15 37 67 88 79 19 2 46 53 89 81 74 59 24 31 61 95 43 29 6 45 80 66 36 94 58 12 52 30 51 60 44 20
92 105 86 72 104 93 56 84 85 71 112 106 64 83 73 78 63 118 113 57 18 91 99 87 42 27 77 117 119 65 23 28 39 109 100 79 34 40 69 98 116 115 101 59 35 41 48 55 108 110 43 11 49 33 62 90 107 66 29 50 5 17 70 111 114 58 19 10 26 76 54 103 102 80 8 22 38 68 88 44 14 7 21 96 81 74 94 30 15 1 47 82 95 60 2 0 13 4 32 75 36 24 3 9 97 89 51 6 46 53 52 16 67 20 12 45 37 25 61 31
93 85 106 73 78 113 57 86 87 42 92 119 65 56 100 79 34 105 115 101 59 64 72 110 43 11 49 104 118 107 66 29 18 84 116 114 58 19 40 71 112 99 117 102 80 35 23 28 83 109 88 44 50 14 33 63 98 81 74 94 30 5 41 91 108 95 60 2 10 48 27 77 90 96 36 8 17 39 111 89 51 6 7 69 54 103 82 75 52 15 22 55 68 97 20 12 3 0 13 62 53 37 24 1 70 76 67 31 21 26 46 4 38 61 45 32 16 9 47 25
94 60 107 74 51 114 102 80 88 20 66 113 81 30 101 95 31 58 87 119 96 36 44 100 89 45 24 50 79 115 82 75 52 59 106 110 97 61 6 19 65 43 93 118 98 53 37 12 29 57 116 103 67 25 3 14 85 99 117 108 90 46 15 35 73 109 111 32 7 8 2 23 78 105 54 16 0 5 86 112 68 47 13 34 42 92 72 104 69 26 1 11 56 84 76 62 9 21 22 49 71 55 38 4 18 64 83 70 33 40 63 10 28 91 77 48 27 17 41 39
95 89 94 102 97 60 107 81 74 103 67 51 114 96 80 88 111 61 20 66 113 82 75 30 101 117 68 25 31 58 87 119 98 53 36 44 100 116 76 32 37 45 24 50 79 115 108 90 46 52 59 106 110 109 70 47 6 19 65 43 93 118 54 16 12 29 57 112 77 38 62 9 3 14 85 99 69 26 15 35 73 84 91 13 7 8 2 23 78 105 55 21 0 5 86 92 83 104 39 22 34 42 72 71 4 1 11 56 48 33 49 63 10 18 64 41 40 27 17 28
96 82 75 97 98 53 89 103 67 108 90 46 102 111 61 81 115 54 16 45 74 117 68 25 95 110 118 69 26 52 80 88 116 76 32 37 94 114 99 55 62 38 21 12 30 101 119 109 70 47 31 60 107 113 105 71 4 15 20 36 44 100 112 77 9 24 51 87 72 104 83 63 10 0 59 106 84 91 13 6 66 79 85 27 17 7 1 2 29 57 92 39 22 3 58 43 93 73 78 40 5 35 65 86 48 33 8 50 42 28 11 56 41 14 19 34 18 64 49 23
97 103 67 96 111 61 81 82 75 117 68 25 95 98 53 89 116 76 32 37 94 108 90 46 102 119 109 70 47 31 60 107 115 54 16 45 74 101 112 77 38 62 9 24 51 114 110 118 69 26 52 80 88 100 84 91 13 6 36 20 66 113 99 55 21 12 30 106 92 83 104 39 22 3 58 87 105 71 4 15 44 57 86 48 33 1 7 8 50 79 72 63 10 0 59 65 73 93 56 41 14 19 43 85 27 17 2 29 64 49 23 78 40 5 35 18 34 42 28 11
98 108 90 111 115 54 103 117 68 110 118 69 96 116 76 82 114 99 55 62 75 119 109 70 97 88 113 105 71 26 53 89 101 112 77 38 67 95 87 72 104 83 63 21 46 102 107 100 84 91 47 61 81 94 79 85 27 4 32 16 45 74 106 92 39 9 25 60 43 93 73 78 40 10 52 80 57 86 48 13 37 51 58 42 28 33 17 7 12 30 65 56 41 22 31 20 66 44 50 34 0 15 36 59 64 49 1 24 19 11 2 29 18 3 6 14 5 35 23 8
99 109 105 112 108 72 104 118 84 111 115 85 71 117 92 83 68 110 73 78 63 98 116 86 91 76 82 114 87 42 27 77 90 119 93 56 39 70 97 88 113 100 79 34 40 69 54 103 101 106 64 48 55 38 67 95 43 11 49 28 33 62 96 107 57 18 41 47 61 81 89 94 58 19 10 26 75 102 65 23 17 9 25 60 44 50 29 14 7 21 53 74 59 35 22 13 16 32 37 51 2 0 4 46 80 66 5 1 31 20 6 45 30 8 3 24 12 52 36 15
100 106 110 113 57 116 114 87 119 65 73 109 88 79 115 101 59 86 112 108 95 43 93 118 107 66 29 56 84 111 89 94 58 85 99 117 102 80 35 64 72 92 83 68 97 60 44 50 78 105 98 81 74 30 5 18 91 76 82 103 67 51 19 42 104 90 96 36 8 11 23 28 39 70 61 20 14 34 71 54 75 52 15 41 48 55 77 38 25 31 2 49 63 69 53 37 12 24 0 17 47 32 45 6 40 27 62 46 1 22 9 3 33 26 16 4 13 7 10 21
101 107 100 114 102 106 110 88 113 81 74 57 116 95 87 119 96 80 65 73 109 89 94 79 115 82 75 30 59 86 112 108 97 60 43 93 118 98 53 36 44 66 29 56 84 111 103 67 51 58 85 99 117 90 46 52 35 64 72 92 83 68 61 20 50 78 105 54 16 45 37 12 5 18 91 76 25 31 19 42 104 69 26 15 8 11 23 28 39 70 32 24 14 34 71 55 62 38 21 0 41 48 77 47 6 2 49 63 4 1 17 9 3 40 27 10 22 13 7 33
102 81 74 95 96 80 88 89 94 82 75 30 101 97 60 107 98 53 36 44 100 103 67 51 114 108 90 46 52 59 106 110 111 61 20 66 113 115 54 16 45 37 12 29 57 116 117 68 25 31 58 87 119 118 69 26 15 35 43 65 73 109 76 32 24 50 79 99 55 62 38 21 0 5 86 112 70 47 6 19 93 105 71 4 1 2 8 11 56 84 77 9 3 14 85 72 104 83 63 10 18 64 92 91 13 7 23 78 27 17 28 39 22 34 42 40 41 48 33 49
103 96 111 82 75 117 68 97 98 53 89 116 76 67 108 90 46 102 119 109 70 61 81 115 54 16 45 74 101 112 77 38 25 95 110 118 69 26 52 80 88 107 100 84 91 47 32 37 94 114 99 55 62 21 12 30 106 92 83 104 39 9 31 60 113 105 71 4 15 20 36 44 57 86 48 13 24 51 87 72 63 10 0 59 65 73 93 56 41 22 6 66 79 85 27 17 7 1 2 29 64 49 33 3 58 43 78 40 5 35 18 8 50 42 28 11 23 14 19 34
104 71 112 83 63 118 84 91 99 27 77 117 92 39 109 105 40 69 98 116 86 48 55 108 72 28 33 62 90 119 93 56 41 70 111 115 85 42 10 26 76 54 103 101 106 64 49 17 38 68 110 73 78 34 7 21 96 107 100 113 57 18 22 47 82 114 87 11 0 13 4 32 75 102 65 23 1 9 97 88 79 19 2 46 53 89 81 74 59 35 3 16 67 95 43 29 14 5 6 45 80 66 50 8 25 61 94 58 12 52 30 15 37 60 44 20 36 24 31 51
105 72 104 84 85 71 112 92 83 73 78 63 118 86 91 99 87 42 27 77 117 93 56 39 109 100 79 34 40 69 98 116 106 64 48 55 108 110 43 11 49 28 33 62 90 119 113 57 18 41 70 111 115 114 58 19 10 26 76 54 103 101 65 23 17 38 68 88 44 50 29 14 7 21 96 107 59 35 22 47 82 95 60 2 0 13 4 32 75 102 66 5 1 9 97 89 94 74 51 6 46 53 81 80 8 3 16 67 20 12 45 30 15 25 61 31 52 36 24 37
106 113 57 87 119 65 73 100 79 115 101 59 86 110 43 93 118 107 66 29 56 116 114 58 85 99 117 102 80 35 64 72 109 88 44 50 78 105 98 81 74 94 30 5 18 84 112 108 95 60 19 42 92 104 90 96 36 8 11 23 28 83 111 89 51 14 34 71 54 103 82 75 52 15 41 91 68 97 20 2 49 63 69 53 37 12 24 0 17 39 76 67 31 6 40 27 77 55 62 46 1 22 48 70 61 45 3 33 26 16 4 38 25 7 10 21 9 47 32 13
107 114 102 88 113 81 74 101 95 87 119 96 80 100 89 94 79 115 82 75 30 106 110 97 60 43 93 118 98 53 36 44 57 116 103 67 51 58 85 99 117 108 90 46 52 59 65 73 109 111 61 20 66 50 78 105 54 16 45 37 12 29 86 112 68 25 31 19 42 92 72 104 69 26 15 35 56 84 76 32 24 14 34 71 55 62 38 21 0 5 64 83 70 47 6 2 23 11 49 63 4 1 8 18 91 77 9 3 40 27 10 28 39 13 7 33 17 41 48 22
108 111 115 117 68 110 118 98 116 76 82 114 99 90 119 109 70 97 88 113 105 54 103 101 112 77 38 67 95 87 72 104 69 96 107 100 84 91 47 61 81 89 94 79 85 71 55 62 75 102 106 92 83 39 9 25 60 43 93 73 78 63 26 53 74 57 86 48 13 16 32 37 51 58 42 27 21 46 80 65 56 41 22 31 20 66 44 50 34 40 4 45 30 59 64 49 17 33 1 24 19 11 28 10 52 36 29 18 3 6 14 7 12 35 23 8 2 0 15 5
109 112 108 118 84 111 115 99 117 92 83 68 110 105 98 116 86 91 76 82 114 72 104 90 119 93 56 39 70 97 88 113 85 71 54 103 101 106 64 48 55 77 38 67 95 87 73 78 63 69 96 107 100 57 18 41 47 61 81 89 94 79 42 27 62 75 102 65 23 28 49 17 9 25 60 43 34 40 26 53 74 59 35 22 13 16 32 37 51 58 11 33 21 46 80 66 29 50 5 1 31 20 44 19 10 4 45 30 8 3 24 14 7 52 36 15 6 2 0 12
110 116 114 119 109 88 113 115 101 112 108 95 87 118 107 100 84 111 89 94 79 99 117 102 106 92 83 68 97 60 43 93 105 98 81 74 57 86 91 76 82 103 67 51 58 85 72 104 90 96 80 65 73 56 39 70 61 20 66 44 50 78 71 54 75 30 59 64 48 55 77 38 25 31 19 42 63 69 53 36 29 18 41 47 32 37 45 24 14 34 27 62 46 52 35 23 28 49 17 9 6 2 11 40 26 16 12 5 22 13 3 33 21 15 8 1 7 10 4 0
111 117 68 98 116 76 82 108 90 119 109 70 97 115 54 103 101 112 77 38 67 110 118 69 96 107 100 84 91 47 61 81 114 99 55 62 75 102 106 92 83 104 39 9 25 95 88 113 105 71 26 53 89 74 57 86 48 13 16 32 37 94 87 72 63 21 46 80 65 73 93 56 41 22 31 60 79 85 27 4 45 30 59 64 49 17 33 1 24 51 43 78 40 10 52 36 44 66 29 18 3 6 20 58 42 28 7 12 35 23 8 50 34 0 15 5 14 19 11 2
112 118 84 99 117 92 83 109 105 98 116 86 91 108 72 104 90 119 93 56 39 111 115 85 71 54 103 101 106 64 48 55 68 110 73 78 63 69 96 107 100 113 57 18 41 70 76 82 114 87 42 27 77 62 75 102 65 23 28 49 17 38 97 88 79 34 40 26 53 89 81 74 59 35 22 47 67 95 43 11 33 21 46 80 66 29 50 5 1 9 61 94 58 19 10 4 32 16 45 30 8 3 13 25 60 44 14 7 52 36 15 37 51 2 0 12 24 31 20 6
113 87 119 100 79 115 101 106 110 43 93 118 107 57 116 114 58 85 99 117 102 65 73 109 88 44 50 78 105 98 81 74 59 86 112 108 95 60 19 42 92 72 104 90 96 80 66 29 56 84 111 89 94 51 14 34 71 54 103 82 75 30 35 64 83 68 97 20 2 23 11 49 63 69 53 36 5 18 91 76 67 31 6 40 27 77 55 62 46 52 8 28 39 70 61 45 24 12 3 33 26 16 37 15 41 48 38 25 7 10 21 0 17 47 32 13 4 1 22 9
114 88 113 101 95 87 119 107 100 89 94 79 115 102 106 110 97 60 43 93 118 81 74 57 116 103 67 51 58 85 99 117 96 80 65 73 109 111 61 20 66 44 50 78 105 98 82 75 30 59 86 112 108 68 25 31 19 42 92 72 104 90 53 36 29 56 84 76 32 37 45 24 14 34 71 54 46 52 35 64 83 70 47 6 2 23 11 49 63 69 16 12 5 18 91 77 38 62 9 3 40 27 55 26 15 8 28 39 13 7 33 21 0 41 48 22 10 4 1 17
115 110 118 116 114 99 117 119 109 88 113 105 98 101 112 108 95 87 72 104 90 107 100 84 111 89 94 79 85 71 54 103 102 106 92 83 68 97 60 43 93 73 78 63 69 96 81 74 57 86 91 76 82 67 51 58 42 27 77 55 62 75 80 65 56 39 70 61 20 66 44 50 34 40 26 53 30 59 64 48 38 25 31 19 11 49 28 33 21 46 36 29 18 41 47 32 37 45 24 14 10 4 16 52 35 23 17 9 6 2 7 12 5 22 13 3 0 15 8 1
116 119 109 115 101 112 108 110 118 107 100 84 111 114 99 117 102 106 92 83 68 88 113 105 98 81 74 57 86 91 76 82 95 87 72 104 90 96 80 65 73 93 56 39 70 97 89 94 79 85 71 54 103 75 30 59 64 48 55 77 38 67 60 43 78 63 69 53 36 44 66 29 18 41 47 61 51 58 42 27 62 46 52 35 23 28 49 17 9 25 20 50 34 40 26 16 45 37 12 5 22 13 32 31 19 11 33 21 15 8 1 24 14 10 4 0 3 6 2 7
117 98 116 108 90 119 109 111 115 54 103 101 112 68 110 118 69 96 107 100 84 76 82 114 99 55 62 75 102 106 92 83 70 97 88 113 105 71 26 53 89 81 74 57 86 91 77 38 67 95 87 72 104 63 21 46 80 65 73 93 56 39 47 61 94 79 85 27 4 32 16 45 30 59 64 48 9 25 60 43 78 40 10 52 36 44 66 29 18 41 13 37 51 58 42 28 33 17 7 12 35 23 49 22 31 20 50 34 0 15 5 1 24 19 11 2 8 3 6 14
118 99 117 109 105 98 116 112 108 72 104 90 119 84 111 115 85 71 54 103 101 92 83 68 110 73 78 63 69 96 107 100 86 91 76 82 114 87 42 27 77 55 62 75 102 106 93 56 39 70 97 88 113 79 34 40 26 53 89 81 74 57 64 48 38 67 95 43 11 49 28 33 21 46 80 65 18 41 47 61 94 58 19 10 4 32 16 45 30 59 23 17 9 25 60 44 50 29 14 7 52 36 66 35 22 13 37 51 2 0 12 5 1 31 20 6 15 8 3 24
119 115 101 110 118 107 100 116 114 99 117 102 106 109 88 113 105 98 81 74 57 112 108 95 87 72 104 90 96 80 65 73 84 111 89 94 79 85 71 54 103 82 75 30 59 86 92 83 68 97 60 43 93 78 63 69 53 36 44 66 29 56 91 76 67 51 58 42 27 77 55 62 46 52 35 64 39 70 61 20 50 34 40 26 16 45 37 12 5 18 48 38 25 31 19 11 49 28 33 21 15 8 23 41 47 32 24 14 10 4 0 17 9 6 2 7 1 22 13 3
