168
0 1 2 3 4 5 6 7 8 9 10 11 12 13 14 15 16 17 18 19 20 21 22 23 24 25 26 27 28 29 30 31 32 33 34 35 36 37 38 39 40 41 42 43 44 45 46 47 48 49 50 51 52 53 54 55 56 57 58 59 60 61 62 63 64 65 66 67 68 69 70 71 72 73 74 75 76 77 78 79 80 81 82 83 84 85 86 87 88 89 90 91 92 93 94 95 96 97 98 99 100 101 102 103 104 105 106 107 108 109 110 111 112 113 114 115 116 117 118 119 120 121 122 123 124 125 126 127 128 129 130 131 132 133 134 135 136 137 138 139 140 141 142 143 144 145 146 147 148 149 150 151 152 153 154 155 156 157 158 159 160 161 162 163 164 165 166 167
1 3 4 6 7 8 11 12 13 14 15 19 20 21 22 23 24 25 2 30 31 32 33 34 35 36 37 38 39 5 0 18 47 48 49 50 51 52 53 54 55 56 57 58 40 9 10 29 66 67 68 69 70 71 72 73 74 75 76 77 78 79 80 81 16 17 45 46 92 93 94 95 96 97 98 99 100 101 63 102 103 104 105 106 107 108 109 110 41 26 27 28 64 65 120 121 122 123 84 124 125 126 127 128 129 130 131 88 43 132 133 134 135 136 137 138 139 59 42 44 89 90 91 119 148 85 113 149 150 146 151 111 152 153 154 155 117 62 87 143 156 157 158 159 82 83 60 61 118 163 114 141 164 165 145 166 162 144 86 161 167 160 112 147 142 115 140 116
2 5 0 9 10 1 16 17 18 3 4 26 27 28 29 30 6 7 8 40 41 42 43 44 45 46 11 12 13 14 15 39 59 60 61 62 63 64 65 31 19 20 21 22 23 24 25 58 82 83 84 85 86 87 88 89 90 91 47 32 33 34 35 36 37 38 80 81 111 112 113 94 114 115 116 102 117 118 108 119 66 67 48 49 50 51 52 53 54 55 56 57 109 110 71 126 140 141 134 123 142 143 75 144 145 146 147 137 78 92 93 68 69 70 72 73 74 76 77 79 138 139 127 99 151 135 95 122 153 160 161 132 131 162 98 125 158 107 120 121 96 97 100 101 103 104 105 106 159 166 156 124 163 128 167 164 150 165 136 148 129 130 133 152 155 157 149 154
3 6 7 11 12 13 19 20 21 22 23 30 31 32 33 34 35 36 4 0 18 47 48 49 50 51 52 53 54 8 1 2 29 66 67 68 69 70 71 72 73 74 75 76 55 14 15 5 45 46 92 93 94 95 96 97 98 99 100 101 63 102 103 104 24 25 9 10 64 65 120 121 122 123 84 124 125 126 81 127 128 129 130 131 88 43 132 133 56 37 38 39 16 17 89 90 91 119 107 148 85 113 149 150 146 151 111 41 58 152 153 154 155 117 62 87 143 77 57 40 26 27 28 44 118 108 136 163 114 60 141 134 164 165 145 166 59 80 110 159 162 144 86 161 105 106 78 79 42 147 137 157 142 115 83 140 112 82 109 160 116 167 135 61 158 138 156 139
4 8 1 14 15 3 24 25 2 6 7 37 38 39 5 0 11 12 13 55 56 57 58 40 9 10 19 20 21 22 23 54 77 78 79 80 81 16 17 18 30 31 32 33 34 35 36 76 105 106 107 108 109 110 41 26 27 28 29 47 48 49 50 51 52 53 103 104 134 135 136 120 137 138 139 127 59 42 43 44 45 46 66 67 68 69 70 71 72 73 74 75 132 133 95 113 156 157 154 119 158 159 99 82 83 60 61 62 63 64 65 92 93 94 96 97 98 100 101 102 87 143 149 124 141 155 121 91 165 167 160 152 111 112 84 85 86 88 89 90 122 123 125 126 128 129 130 131 161 140 162 148 147 150 116 142 114 115 117 118 146 151 153 164 166 144 163 145
5 9 10 16 17 18 26 27 28 29 30 40 41 42 43 44 45 46 0 15 39 59 60 61 62 63 64 65 31 1 2 8 58 82 83 84 85 86 87 88 89 90 91 47 19 3 4 14 80 81 111 112 113 94 114 115 116 102 117 118 108 119 66 67 6 7 24 25 109 110 71 126 140 141 134 123 142 143 36 75 144 145 146 147 137 78 92 93 20 11 12 13 37 38 138 139 127 99 50 151 135 95 122 153 160 161 132 54 22 131 162 98 125 158 107 120 121 32 21 23 55 56 57 79 159 51 70 166 156 105 124 68 163 128 167 164 76 35 53 101 150 165 136 148 48 49 33 34 77 152 72 97 155 157 104 149 133 103 52 130 154 129 69 106 100 73 96 74
6 11 12 19 20 21 30 31 32 33 34 0 18 47 48 49 50 51 7 1 2 29 66 67 68 69 70 71 72 13 3 4 5 45 46 92 93 94 95 96 97 98 99 100 73 22 23 8 9 10 64 65 120 121 122 123 84 124 125 126 81 127 128 129 35 36 14 15 16 17 89 90 91 119 107 148 85 113 104 149 150 146 151 111 41 58 152 153 74 52 53 54 24 25 26 27 28 44 88 118 108 136 163 114 60 141 134 56 76 164 165 145 166 59 80 110 159 101 75 55 37 38 39 40 42 43 117 147 137 78 157 154 142 115 83 140 77 103 133 161 112 82 109 160 130 131 63 102 57 61 62 144 158 138 106 156 135 105 132 167 139 116 155 79 86 87 162 143
7 13 3 22 23 6 35 36 4 11 12 52 53 54 8 1 19 20 21 73 74 75 76 55 14 15 30 31 32 33 34 72 101 63 102 103 104 24 25 2 0 18 47 48 49 50 51 100 130 131 88 43 132 133 56 37 38 39 5 29 66 67 68 69 70 71 128 129 154 155 117 89 62 87 143 149 77 57 58 40 9 10 45 46 92 93 94 95 96 97 98 99 152 153 121 136 162 144 145 44 86 161 124 105 106 78 79 80 81 16 17 64 65 120 122 123 84 125 126 127 110 159 163 148 157 166 90 28 115 116 167 164 134 135 107 108 109 41 26 27 91 119 85 113 150 146 151 111 160 156 112 118 61 114 139 158 137 138 59 42 60 141 165 142 140 82 147 83
8 14 15 24 25 2 37 38 39 5 0 55 56 57 58 40 9 10 1 23 54 77 78 79 80 81 16 17 18 3 4 13 76 105 106 107 108 109 110 41 26 27 28 29 30 6 7 22 103 104 134 135 136 120 137 138 139 127 59 42 43 44 45 46 11 12 35 36 132 133 95 113 156 157 154 119 158 159 51 99 82 83 60 61 62 63 64 65 31 19 20 21 52 53 87 143 149 124 68 141 155 121 91 165 167 160 152 72 33 111 112 84 85 86 88 89 90 47 32 34 73 74 75 102 161 69 94 140 162 130 148 92 147 150 116 142 100 50 71 126 114 115 117 118 66 67 48 49 101 164 96 123 166 144 129 163 153 128 70 151 145 146 93 131 125 97 122 98
9 16 17 26 27 28 40 41 42 43 44 15 39 59 60 61 62 63 10 2 8 58 82 83 84 85 86 87 88 18 5 0 14 80 81 111 112 113 94 114 115 116 102 117 89 29 30 1 24 25 109 110 71 126 140 141 134 123 142 143 36 75 144 145 45 46 3 4 37 38 138 139 127 99 50 151 135 95 67 122 153 160 161 132 54 22 131 162 90 64 65 31 6 7 55 56 57 79 137 159 51 70 166 156 105 124 68 20 47 163 128 167 164 76 35 53 101 118 91 19 11 12 13 23 77 78 158 152 72 33 97 98 155 157 104 149 32 66 93 148 133 103 52 130 146 147 108 119 21 106 107 165 100 73 49 96 69 48 92 129 74 154 125 34 136 120 150 121
10 18 5 29 30 9 45 46 0 16 17 64 65 31 1 2 26 27 28 89 90 91 47 19 3 4 40 41 42 43 44 88 118 108 119 66 67 6 7 8 15 39 59 60 61 62 63 117 146 147 137 78 92 93 20 11 12 13 14 58 82 83 84 85 86 87 144 145 98 125 158 138 107 120 121 122 32 21 22 23 24 25 80 81 111 112 113 94 114 115 116 102 131 162 126 70 150 165 167 79 136 148 123 48 49 33 34 35 36 37 38 109 110 71 140 141 134 142 143 75 53 101 166 151 97 164 139 57 157 154 129 163 68 69 50 51 52 54 55 56 127 99 135 95 153 160 161 132 130 96 133 159 106 156 74 100 72 73 76 77 105 124 128 155 149 103 152 104
11 19 20 30 31 32 0 18 47 48 49 1 2 29 66 67 68 69 12 3 4 5 45 46 92 93 94 95 96 21 6 7 8 9 10 64 65 120 121 122 123 84 124 125 97 33 34 13 14 15 16 17 89 90 91 119 107 148 85 113 104 149 150 146 50 51 22 23 24 25 26 27 28 44 88 118 108 136 129 163 114 60 141 134 56 76 164 165 98 70 71 72 35 36 37 38 39 40 41 42 43 117 147 137 78 157 154 74 100 142 115 83 140 77 103 133 161 126 99 73 52 53 54 55 57 58 59 61 62 63 144 145 158 138 106 156 101 128 153 160 135 105 132 167 151 111 81 127 75 79 80 82 86 87 131 162 155 130 152 116 143 139 166 102 109 110 112 159
12 21 6 33 34 11 50 51 7 19 20 70 71 72 13 3 30 31 32 97 98 99 100 73 22 23 0 18 47 48 49 96 126 81 127 128 129 35 36 4 1 2 29 66 67 68 69 125 151 111 41 58 152 153 74 52 53 54 8 5 45 46 92 93 94 95 150 146 145 166 59 26 80 110 159 163 101 75 76 55 14 15 9 10 64 65 120 121 122 123 84 124 164 165 90 117 112 82 83 40 109 160 148 130 131 63 102 103 104 24 25 16 17 89 91 119 107 85 113 149 133 161 147 118 144 140 27 39 138 139 116 142 154 155 88 43 132 56 37 38 28 44 108 136 114 60 141 134 167 162 135 42 79 137 143 86 62 87 77 57 78 157 115 158 156 105 61 106
13 22 23 35 36 4 52 53 54 8 1 73 74 75 76 55 14 15 3 34 72 101 63 102 103 104 24 25 2 6 7 21 100 130 131 88 43 132 133 56 37 38 39 5 0 11 12 33 128 129 154 155 117 89 62 87 143 149 77 57 58 40 9 10 19 20 50 51 152 153 121 136 162 144 145 44 86 161 69 124 105 106 78 79 80 81 16 17 18 30 31 32 70 71 110 159 163 148 92 157 166 90 28 115 116 167 164 96 48 134 135 107 108 109 41 26 27 29 47 49 97 98 99 127 160 93 120 156 112 151 118 64 61 114 139 158 125 68 95 113 137 138 59 42 45 46 66 67 126 142 122 119 140 82 146 147 165 150 94 141 83 60 65 111 85 123 91 84
14 24 25 37 38 39 55 56 57 58 40 23 54 77 78 79 80 81 15 4 13 76 105 106 107 108 109 110 41 2 8 1 22 103 104 134 135 136 120 137 138 139 127 59 26 5 0 3 35 36 132 133 95 113 156 157 154 119 158 159 51 99 82 83 9 10 6 7 52 53 87 143 149 124 68 141 155 121 46 91 165 167 160 152 72 33 111 112 27 16 17 18 11 12 73 74 75 102 62 161 69 94 140 162 130 148 92 31 29 147 150 116 142 100 50 71 126 42 28 30 19 20 21 34 101 63 86 164 96 48 123 84 166 144 129 163 47 45 65 118 153 128 70 151 60 61 43 44 32 131 88 115 125 97 67 122 93 66 64 146 98 145 85 49 117 89 114 90
15 2 8 5 0 14 9 10 1 24 25 16 17 18 3 4 37 38 39 26 27 28 29 30 6 7 55 56 57 58 40 41 42 43 44 45 46 11 12 13 23 54 77 78 79 80 81 59 60 61 62 63 64 65 31 19 20 21 22 76 105 106 107 108 109 110 82 83 84 85 86 87 88 89 90 91 47 32 33 34 35 36 103 104 134 135 136 120 137 138 139 127 111 112 113 94 114 115 116 102 117 118 119 66 67 48 49 50 51 52 53 132 133 95 156 157 154 158 159 99 71 126 140 141 123 142 143 75 144 145 146 147 92 93 68 69 70 72 73 74 149 124 155 121 165 167 160 152 151 122 153 161 131 162 98 125 96 97 100 101 130 148 150 166 163 128 164 129
16 26 27 40 41 42 15 39 59 60 61 2 8 58 82 83 84 85 17 5 0 14 80 81 111 112 113 94 114 28 9 10 1 24 25 109 110 71 126 140 141 134 123 142 115 43 44 18 3 4 37 38 138 139 127 99 50 151 135 95 67 122 153 160 62 63 29 30 6 7 55 56 57 79 137 159 51 70 145 166 156 105 124 68 20 47 163 128 116 86 87 88 45 46 11 12 13 23 54 77 78 158 152 72 33 97 98 90 117 155 157 104 149 32 66 93 148 143 102 89 64 65 31 19 21 22 76 106 107 108 165 167 100 73 49 96 118 144 162 130 69 48 92 129 161 132 36 75 91 34 35 103 136 120 147 150 125 146 131 154 121 74 164 119 52 53 133 101
17 28 9 43 44 16 62 63 10 26 27 86 87 88 18 5 40 41 42 115 116 102 117 89 29 30 15 39 59 60 61 114 143 36 75 144 145 45 46 0 2 8 58 82 83 84 85 142 161 132 54 22 131 162 90 64 65 31 1 14 80 81 111 112 113 94 153 160 167 164 76 55 35 53 101 166 118 91 47 19 3 4 24 25 109 110 71 126 140 141 134 123 163 128 139 158 133 103 104 23 52 130 151 146 147 108 119 66 67 6 7 37 38 138 127 99 50 135 95 122 93 148 152 159 165 149 56 13 73 74 154 155 98 125 137 78 92 20 11 12 57 79 51 70 156 105 124 68 129 150 69 77 34 72 121 136 107 120 32 21 33 97 157 100 96 48 106 49
18 29 30 45 46 0 64 65 31 1 2 89 90 91 47 19 3 4 5 44 88 118 108 119 66 67 6 7 8 9 10 28 117 146 147 137 78 92 93 20 11 12 13 14 15 16 17 43 144 145 98 125 158 138 107 120 121 122 32 21 22 23 24 25 26 27 62 63 131 162 126 70 150 165 167 79 136 148 85 123 48 49 33 34 35 36 37 38 39 40 41 42 86 87 53 101 166 151 111 97 164 139 57 157 154 129 163 114 60 68 69 50 51 52 54 55 56 58 59 61 115 116 102 75 130 112 71 96 133 161 159 109 106 156 74 100 142 84 94 95 72 73 76 77 80 81 82 83 143 155 140 99 149 103 160 152 128 153 113 124 104 105 110 132 135 141 127 134
19 30 31 0 18 47 1 2 29 66 67 3 4 5 45 46 92 93 20 6 7 8 9 10 64 65 120 121 122 32 11 12 13 14 15 16 17 89 90 91 119 107 148 85 123 48 49 21 22 23 24 25 26 27 28 44 88 118 108 136 129 163 114 60 68 69 33 34 35 36 37 38 39 40 41 42 43 117 146 147 137 78 157 154 74 100 142 115 84 94 95 96 50 51 52 53 54 55 56 57 58 59 61 62 63 144 145 98 125 158 138 106 156 101 128 153 160 113 124 97 70 71 72 73 75 76 77 79 80 81 82 83 86 87 131 162 126 150 165 167 155 130 152 116 141 134 104 149 99 102 103 105 109 110 111 112 166 151 164 139 159 143 140 127 132 133 135 161
20 32 11 48 49 19 68 69 12 30 31 94 95 96 21 6 0 18 47 123 84 124 125 97 33 34 1 2 29 66 67 122 113 104 149 150 146 50 51 7 3 4 5 45 46 92 93 85 141 134 56 76 164 165 98 70 71 72 13 8 9 10 64 65 120 121 114 60 83 140 77 37 103 133 161 147 126 99 100 73 22 23 14 15 16 17 89 90 91 119 107 148 142 115 27 59 135 105 106 55 132 167 118 151 111 81 127 128 129 35 36 24 25 26 28 44 88 108 136 163 153 160 61 42 82 156 38 54 87 143 139 158 145 166 41 58 152 74 52 53 39 40 43 117 137 78 157 154 116 112 155 57 102 62 159 109 80 110 101 75 63 144 138 86 162 130 79 131
21 33 34 50 51 7 70 71 72 13 3 97 98 99 100 73 22 23 6 49 96 126 81 127 128 129 35 36 4 11 12 32 125 151 111 41 58 152 153 74 52 53 54 8 1 19 20 48 150 146 145 166 59 26 80 110 159 163 101 75 76 55 14 15 30 31 68 69 164 165 90 117 112 82 83 40 109 160 93 148 130 131 63 102 103 104 24 25 2 0 18 47 94 95 133 161 147 118 64 144 140 27 39 138 139 116 142 122 66 154 155 88 43 132 56 37 38 5 29 67 123 84 124 149 167 65 89 162 135 141 42 16 79 137 143 86 85 92 121 136 62 87 77 57 9 10 45 46 113 158 91 44 156 105 60 61 115 114 120 157 106 78 17 134 108 119 28 107
22 35 36 52 53 54 73 74 75 76 55 34 72 101 63 102 103 104 23 7 21 100 130 131 88 43 132 133 56 4 13 3 33 128 129 154 155 117 89 62 87 143 149 77 37 8 1 6 50 51 152 153 121 136 162 144 145 44 86 161 69 124 105 106 14 15 11 12 70 71 110 159 163 148 92 157 166 90 10 28 115 116 167 164 96 48 134 135 38 24 25 2 19 20 97 98 99 127 80 160 93 120 156 112 151 118 64 18 5 61 114 139 158 125 68 95 113 57 39 0 30 31 32 49 126 81 109 142 122 66 119 107 140 82 146 147 29 9 17 42 165 150 94 141 78 79 58 40 47 111 41 138 85 123 46 91 65 45 16 60 84 83 108 67 59 26 137 27
23 4 13 8 1 22 14 15 3 35 36 24 25 2 6 7 52 53 54 37 38 39 5 0 11 12 73 74 75 76 55 56 57 58 40 9 10 19 20 21 34 72 101 63 102 103 104 77 78 79 80 81 16 17 18 30 31 32 33 100 130 131 88 43 132 133 105 106 107 108 109 110 41 26 27 28 29 47 48 49 50 51 128 129 154 155 117 89 62 87 143 149 134 135 136 120 137 138 139 127 59 42 44 45 46 66 67 68 69 70 71 152 153 121 162 144 145 86 161 124 95 113 156 157 119 158 159 99 82 83 60 61 64 65 92 93 94 96 97 98 163 148 166 90 115 116 167 164 141 91 165 160 111 112 84 85 122 123 125 126 151 118 114 140 147 150 142 146
24 37 38 55 56 57 23 54 77 78 79 4 13 76 105 106 107 108 25 8 1 22 103 104 134 135 136 120 137 39 14 15 3 35 36 132 133 95 113 156 157 154 119 158 138 58 40 2 6 7 52 53 87 143 149 124 68 141 155 121 46 91 165 167 80 81 5 0 11 12 73 74 75 102 62 161 69 94 83 140 162 130 148 92 31 29 147 150 139 109 110 41 9 10 19 20 21 34 72 101 63 86 164 96 48 123 84 27 59 166 144 129 163 47 45 65 118 159 127 26 16 17 18 30 32 33 100 131 88 43 115 116 125 97 67 122 42 82 112 151 93 66 64 146 160 152 51 99 28 49 50 128 117 89 61 114 85 60 111 145 90 98 142 44 70 71 153 126
25 39 14 58 40 24 80 81 15 37 38 109 110 41 2 8 55 56 57 138 139 127 59 26 5 0 23 54 77 78 79 137 159 51 99 82 83 9 10 1 4 13 76 105 106 107 108 158 160 152 72 33 111 112 27 16 17 18 3 22 103 104 134 135 136 120 165 167 116 142 100 73 50 71 126 140 42 28 29 30 6 7 35 36 132 133 95 113 156 157 154 119 147 150 143 86 153 128 129 34 70 151 141 60 61 43 44 45 46 11 12 52 53 87 149 124 68 155 121 91 65 118 164 161 115 163 74 21 97 98 145 166 84 85 62 63 64 31 19 20 75 102 69 94 162 130 148 92 146 114 93 101 49 96 90 117 88 89 47 32 48 123 144 125 122 66 131 67
26 40 41 15 39 59 2 8 58 82 83 5 0 14 80 81 111 112 27 9 10 1 24 25 109 110 71 126 140 42 16 17 18 3 4 37 38 138 139 127 99 50 151 135 141 60 61 28 29 30 6 7 55 56 57 79 137 159 51 70 145 166 156 105 84 85 43 44 45 46 11 12 13 23 54 77 78 158 160 152 72 33 97 98 90 117 155 157 134 113 94 114 62 63 64 65 31 19 20 21 22 76 106 107 108 165 167 116 142 100 73 49 96 118 144 162 130 95 123 115 86 87 88 89 91 47 32 34 35 36 103 104 136 120 147 150 143 153 128 129 125 146 131 154 124 68 67 122 102 119 66 48 52 53 132 133 164 161 163 74 101 121 149 75 92 93 69 148
27 42 16 60 61 26 84 85 17 40 41 113 94 114 28 9 15 39 59 141 134 123 142 115 43 44 2 8 58 82 83 140 95 67 122 153 160 62 63 10 5 0 14 80 81 111 112 135 124 68 20 47 163 128 116 86 87 88 18 1 24 25 109 110 71 126 156 105 104 149 32 11 66 93 148 152 143 102 117 89 29 30 3 4 37 38 138 139 127 99 50 151 155 157 56 76 69 48 49 19 92 129 159 161 132 36 75 144 145 45 46 6 7 55 57 79 137 51 70 166 162 130 106 77 103 96 12 31 120 121 74 100 167 164 54 22 131 90 64 65 13 23 78 158 72 33 97 98 154 133 125 21 119 107 101 52 35 53 118 91 108 165 73 136 150 146 34 147
28 43 44 62 63 10 86 87 88 18 5 115 116 102 117 89 29 30 9 61 114 143 36 75 144 145 45 46 0 16 17 42 142 161 132 54 22 131 162 90 64 65 31 1 2 26 27 60 153 160 167 164 76 55 35 53 101 166 118 91 47 19 3 4 40 41 84 85 163 128 139 158 133 103 104 23 52 130 112 151 146 147 108 119 66 67 6 7 8 15 39 59 113 94 93 148 152 159 109 165 149 56 13 73 74 154 155 140 82 98 125 137 78 92 20 11 12 14 58 83 141 134 123 122 129 110 138 150 69 124 77 37 34 72 121 136 135 111 126 70 107 120 32 21 24 25 80 81 95 100 127 79 96 48 105 106 157 156 71 97 49 33 38 68 51 99 57 50
29 45 46 64 65 31 89 90 91 47 19 44 88 118 108 119 66 67 30 10 28 117 146 147 137 78 92 93 20 0 18 5 43 144 145 98 125 158 138 107 120 121 122 32 11 1 2 9 62 63 131 162 126 70 150 165 167 79 136 148 85 123 48 49 3 4 16 17 86 87 53 101 166 151 111 97 164 139 25 57 157 154 129 163 114 60 68 69 12 6 7 8 26 27 115 116 102 75 35 130 112 71 96 133 161 159 109 39 14 106 156 74 100 142 84 94 95 21 13 15 40 41 42 61 143 36 52 155 140 82 99 50 149 103 160 152 58 24 38 77 128 153 113 124 33 34 22 23 59 132 54 73 135 141 81 127 110 80 37 105 134 104 51 83 76 55 72 56
30 0 18 1 2 29 3 4 5 45 46 6 7 8 9 10 64 65 31 11 12 13 14 15 16 17 89 90 91 47 19 20 21 22 23 24 25 26 27 28 44 88 118 108 119 66 67 32 33 34 35 36 37 38 39 40 41 42 43 117 146 147 137 78 92 93 48 49 50 51 52 53 54 55 56 57 58 59 60 61 62 63 144 145 98 125 158 138 107 120 121 122 68 69 70 71 72 73 74 75 76 77 79 80 81 82 83 84 85 86 87 131 162 126 150 165 167 136 148 123 94 95 96 97 99 100 101 102 103 104 105 106 109 110 111 112 113 114 115 116 166 151 164 139 157 154 129 163 124 127 128 130 132 133 134 135 140 141 142 143 161 159 156 149 152 153 155 160
31 47 19 66 67 30 92 93 20 0 18 120 121 122 32 11 1 2 29 119 107 148 85 123 48 49 3 4 5 45 46 91 136 129 163 114 60 68 69 12 6 7 8 9 10 64 65 108 157 154 74 100 142 115 84 94 95 96 21 13 14 15 16 17 89 90 137 78 106 156 101 52 128 153 160 61 113 124 125 97 33 34 22 23 24 25 26 27 28 44 88 118 158 138 38 77 155 130 131 73 152 116 42 141 134 104 149 150 146 50 51 35 36 37 39 40 41 43 117 147 165 167 79 57 105 162 53 72 110 159 143 86 83 140 56 76 164 98 70 71 54 55 58 59 62 63 144 145 139 135 166 75 127 80 161 132 103 133 126 99 81 82 87 109 112 151 102 111
32 48 49 68 69 12 94 95 96 21 6 123 84 124 125 97 33 34 11 67 122 113 104 149 150 146 50 51 7 19 20 47 85 141 134 56 76 164 165 98 70 71 72 13 3 30 31 66 114 60 83 140 77 37 103 133 161 147 126 99 100 73 22 23 0 18 92 93 142 115 27 59 135 105 106 55 132 167 65 118 151 111 81 127 128 129 35 36 4 1 2 29 120 121 153 160 61 42 16 82 156 38 54 87 143 139 158 91 45 145 166 41 58 152 74 52 53 8 5 46 119 107 148 163 116 17 26 112 155 157 57 24 102 62 159 109 108 64 90 117 80 110 101 75 14 15 9 10 136 86 28 40 162 130 78 79 138 137 89 144 131 63 25 154 43 44 39 88
33 50 51 70 71 72 97 98 99 100 73 49 96 126 81 127 128 129 34 12 32 125 151 111 41 58 152 153 74 7 21 6 48 150 146 145 166 59 26 80 110 159 163 101 52 13 3 11 68 69 164 165 90 117 112 82 83 40 109 160 93 148 130 131 22 23 19 20 94 95 133 161 147 118 64 144 140 27 15 39 138 139 116 142 122 66 154 155 53 35 36 4 30 31 123 84 124 149 103 167 65 89 162 135 141 42 16 2 8 79 137 143 86 85 92 121 136 75 54 1 0 18 47 67 113 104 132 158 91 45 44 88 156 105 60 61 5 14 25 57 115 114 120 157 63 102 76 55 29 134 56 87 108 119 10 28 17 9 24 78 107 106 43 46 77 37 62 38
34 7 21 13 3 33 22 23 6 50 51 35 36 4 11 12 70 71 72 52 53 54 8 1 19 20 97 98 99 100 73 74 75 76 55 14 15 30 31 32 49 96 126 81 127 128 129 101 63 102 103 104 24 25 2 0 18 47 48 125 151 111 41 58 152 153 130 131 88 43 132 133 56 37 38 39 5 29 66 67 68 69 150 146 145 166 59 26 80 110 159 163 154 155 117 89 62 87 143 149 77 57 40 9 10 45 46 92 93 94 95 164 165 90 112 82 83 109 160 148 121 136 162 144 44 86 161 124 105 106 78 79 16 17 64 65 120 122 123 84 147 118 140 27 138 139 116 142 157 28 115 167 134 135 107 108 91 119 85 113 141 42 137 156 61 114 158 60
35 52 53 73 74 75 34 72 101 63 102 7 21 100 130 131 88 43 36 13 3 33 128 129 154 155 117 89 62 54 22 23 6 50 51 152 153 121 136 162 144 145 44 86 87 76 55 4 11 12 70 71 110 159 163 148 92 157 166 90 10 28 115 116 103 104 8 1 19 20 97 98 99 127 80 160 93 120 106 156 112 151 118 64 18 5 61 114 143 132 133 56 14 15 30 31 32 49 96 126 81 109 142 122 66 119 107 38 77 140 82 146 147 29 9 17 42 161 149 37 24 25 2 0 47 48 125 111 41 58 138 139 85 123 46 91 57 105 135 141 65 45 16 60 167 164 69 124 39 67 68 150 59 26 79 137 108 78 134 83 27 84 158 40 94 95 165 113
36 54 22 76 55 35 103 104 23 52 53 132 133 56 4 13 73 74 75 87 143 149 77 37 8 1 34 72 101 63 102 62 161 69 124 105 106 14 15 3 7 21 100 130 131 88 43 86 167 164 96 48 134 135 38 24 25 2 6 33 128 129 154 155 117 89 115 116 139 158 125 97 68 95 113 156 57 39 5 0 11 12 50 51 152 153 121 136 162 144 145 44 61 114 159 109 165 150 146 49 94 141 157 78 79 58 40 9 10 19 20 70 71 110 163 148 92 166 90 28 17 42 142 160 138 147 98 32 123 84 83 140 107 108 80 81 16 18 30 31 99 127 93 120 112 151 118 64 60 137 65 126 67 122 27 59 41 26 29 47 66 119 82 85 91 45 111 46
37 55 56 23 54 77 4 13 76 105 106 8 1 22 103 104 134 135 38 14 15 3 35 36 132 133 95 113 156 57 24 25 2 6 7 52 53 87 143 149 124 68 141 155 157 78 79 39 5 0 11 12 73 74 75 102 62 161 69 94 83 140 162 130 107 108 58 40 9 10 19 20 21 34 72 101 63 86 167 164 96 48 123 84 27 59 166 144 154 136 120 137 80 81 16 17 18 30 31 32 33 100 131 88 43 115 116 139 158 125 97 67 122 42 82 112 151 121 119 138 109 110 41 26 28 29 47 49 50 51 128 129 117 89 61 114 159 165 150 146 85 60 111 145 148 92 46 91 127 44 45 66 70 71 152 153 142 160 147 98 126 90 163 99 64 65 93 118
38 57 24 78 79 37 107 108 25 55 56 136 120 137 39 14 23 54 77 157 154 119 158 138 58 40 4 13 76 105 106 156 121 46 91 165 167 80 81 15 8 1 22 103 104 134 135 155 148 92 31 29 147 150 139 109 110 41 2 3 35 36 132 133 95 113 162 130 129 163 47 19 45 65 118 164 159 127 59 26 5 0 6 7 52 53 87 143 149 124 68 141 166 144 74 100 93 66 67 30 64 146 161 160 152 51 99 82 83 9 10 11 12 73 75 102 62 69 94 140 112 151 131 101 128 122 20 18 89 90 98 125 116 142 72 33 111 27 16 17 21 34 63 86 96 48 123 84 145 153 85 32 44 88 126 70 50 71 42 28 43 115 97 117 114 60 49 61
39 58 40 80 81 15 109 110 41 2 8 138 139 127 59 26 5 0 14 79 137 159 51 99 82 83 9 10 1 24 25 57 158 160 152 72 33 111 112 27 16 17 18 3 4 37 38 78 165 167 116 142 100 73 50 71 126 140 42 28 29 30 6 7 55 56 107 108 147 150 143 86 153 128 129 34 70 151 135 141 60 61 43 44 45 46 11 12 13 23 54 77 136 120 65 118 164 161 132 115 163 74 21 97 98 145 166 156 105 84 85 62 63 64 31 19 20 22 76 106 157 154 119 91 146 133 87 114 93 148 101 52 49 96 90 117 155 134 113 94 88 89 47 32 35 36 103 104 121 125 149 102 122 66 130 131 144 162 95 123 67 48 53 92 69 124 75 68
40 15 39 2 8 58 5 0 14 80 81 9 10 1 24 25 109 110 41 16 17 18 3 4 37 38 138 139 127 59 26 27 28 29 30 6 7 55 56 57 79 137 159 51 99 82 83 42 43 44 45 46 11 12 13 23 54 77 78 158 160 152 72 33 111 112 60 61 62 63 64 65 31 19 20 21 22 76 105 106 107 108 165 167 116 142 100 73 50 71 126 140 84 85 86 87 88 89 90 91 47 32 34 35 36 103 104 134 135 136 120 147 150 143 153 128 129 70 151 141 113 94 114 115 102 117 118 119 66 67 48 49 52 53 132 133 95 156 157 154 164 161 163 74 97 98 145 166 123 75 144 146 92 93 68 69 149 124 155 121 148 101 96 122 131 162 125 130
41 59 26 82 83 40 111 112 27 15 39 71 126 140 42 16 2 8 58 99 50 151 135 141 60 61 5 0 14 80 81 127 70 145 166 156 105 84 85 17 9 10 1 24 25 109 110 51 97 98 90 117 155 157 134 113 94 114 28 18 3 4 37 38 138 139 72 33 49 96 118 64 144 162 130 106 95 123 142 115 43 44 29 30 6 7 55 56 57 79 137 159 100 73 12 32 125 146 147 89 131 154 77 124 68 67 122 153 160 62 63 45 46 11 13 23 54 78 158 152 128 129 34 21 48 150 65 88 53 101 121 136 104 149 20 47 163 116 86 87 31 19 22 76 107 108 165 167 74 69 164 91 75 35 148 92 66 93 143 102 36 103 120 52 133 161 119 132
42 60 61 84 85 17 113 94 114 28 9 141 134 123 142 115 43 44 16 83 140 95 67 122 153 160 62 63 10 26 27 59 135 124 68 20 47 163 128 116 86 87 88 18 5 40 41 82 156 105 104 149 32 11 66 93 148 152 143 102 117 89 29 30 15 39 111 112 155 157 56 76 69 48 49 19 92 129 110 159 161 132 36 75 144 145 45 46 0 2 8 58 71 126 162 130 106 77 37 103 96 12 31 120 121 74 100 127 80 167 164 54 22 131 90 64 65 1 14 81 99 50 151 166 154 38 55 133 125 97 21 6 119 107 101 52 51 109 139 158 35 53 118 91 3 4 24 25 70 136 57 23 150 146 33 34 73 72 138 165 147 108 7 98 78 79 13 137
43 62 63 86 87 88 115 116 102 117 89 61 114 143 36 75 144 145 44 17 42 142 161 132 54 22 131 162 90 10 28 9 60 153 160 167 164 76 55 35 53 101 166 118 64 18 5 16 84 85 163 128 139 158 133 103 104 23 52 130 112 151 146 147 29 30 26 27 113 94 93 148 152 159 109 165 149 56 4 13 73 74 154 155 140 82 98 125 65 45 46 0 40 41 141 134 123 122 66 129 110 138 150 69 124 77 37 8 1 34 72 121 136 135 111 126 70 91 31 2 15 39 59 83 95 67 92 100 127 80 79 137 96 48 105 106 14 3 7 21 157 156 71 97 108 119 47 19 58 68 20 120 51 99 25 57 38 24 6 33 50 49 78 81 32 11 107 12
44 10 28 18 5 43 29 30 9 62 63 45 46 0 16 17 86 87 88 64 65 31 1 2 26 27 115 116 102 117 89 90 91 47 19 3 4 40 41 42 61 114 143 36 75 144 145 118 108 119 66 67 6 7 8 15 39 59 60 142 161 132 54 22 131 162 146 147 137 78 92 93 20 11 12 13 14 58 82 83 84 85 153 160 167 164 76 55 35 53 101 166 98 125 158 138 107 120 121 122 32 21 23 24 25 80 81 111 112 113 94 163 128 139 133 103 104 52 130 151 126 70 150 165 79 136 148 123 48 49 33 34 37 38 109 110 71 140 141 134 152 159 149 56 73 74 154 155 97 57 157 129 68 69 50 51 127 99 135 95 124 77 72 96 106 156 100 105
45 64 65 89 90 91 44 88 118 108 119 10 28 117 146 147 137 78 46 18 5 43 144 145 98 125 158 138 107 31 29 30 9 62 63 131 162 126 70 150 165 167 79 136 120 47 19 0 16 17 86 87 53 101 166 151 111 97 164 139 25 57 157 154 66 67 1 2 26 27 115 116 102 75 35 130 112 71 49 96 133 161 159 109 39 14 106 156 121 92 93 20 3 4 40 41 42 61 114 143 36 52 155 140 82 99 50 12 32 149 103 160 152 58 24 38 77 148 122 11 6 7 8 15 59 60 142 132 54 22 73 74 135 141 81 127 21 48 69 124 110 80 37 105 129 163 85 123 13 83 84 153 76 55 34 72 51 33 68 104 56 134 100 23 113 94 128 95
46 31 29 47 19 45 66 67 30 64 65 92 93 20 0 18 89 90 91 120 121 122 32 11 1 2 44 88 118 108 119 107 148 85 123 48 49 3 4 5 10 28 117 146 147 137 78 136 129 163 114 60 68 69 12 6 7 8 9 43 144 145 98 125 158 138 157 154 74 100 142 115 84 94 95 96 21 13 14 15 16 17 62 63 131 162 126 70 150 165 167 79 106 156 101 52 128 153 160 61 113 124 97 33 34 22 23 24 25 26 27 86 87 53 166 151 111 164 139 57 38 77 155 130 73 152 116 42 141 134 104 149 50 51 35 36 37 39 40 41 102 75 112 71 133 161 159 109 105 72 110 143 83 140 56 76 54 55 58 59 82 99 103 135 127 80 132 81
47 66 67 92 93 20 120 121 122 32 11 119 107 148 85 123 48 49 19 46 91 136 129 163 114 60 68 69 12 30 31 29 108 157 154 74 100 142 115 84 94 95 96 21 6 0 18 45 137 78 106 156 101 52 128 153 160 61 113 124 125 97 33 34 1 2 64 65 158 138 38 77 155 130 131 73 152 116 17 42 141 134 104 149 150 146 50 51 7 3 4 5 89 90 165 167 79 57 24 105 162 53 72 110 159 143 86 28 9 83 140 56 76 164 98 70 71 13 8 10 44 88 118 147 139 25 37 135 166 144 75 35 127 80 161 132 43 16 27 59 103 133 126 99 22 23 14 15 117 109 39 55 112 151 63 102 87 62 26 82 111 81 36 145 58 40 54 41
48 68 69 94 95 96 123 84 124 125 97 67 122 113 104 149 150 146 49 20 47 85 141 134 56 76 164 165 98 12 32 11 66 114 60 83 140 77 37 103 133 161 147 126 70 21 6 19 92 93 142 115 27 59 135 105 106 55 132 167 65 118 151 111 33 34 30 31 120 121 153 160 61 42 16 82 156 38 23 54 87 143 139 158 91 45 145 166 71 50 51 7 0 18 119 107 148 163 128 116 17 26 112 155 157 57 24 4 13 102 62 159 109 108 64 90 117 99 72 3 1 2 29 46 136 129 152 86 28 9 40 41 162 130 78 79 8 22 36 75 138 137 89 144 81 127 100 73 5 154 74 110 43 44 15 39 25 14 35 63 88 131 58 10 101 52 80 53
49 12 32 21 6 48 33 34 11 68 69 50 51 7 19 20 94 95 96 70 71 72 13 3 30 31 123 84 124 125 97 98 99 100 73 22 23 0 18 47 67 122 113 104 149 150 146 126 81 127 128 129 35 36 4 1 2 29 66 85 141 134 56 76 164 165 151 111 41 58 152 153 74 52 53 54 8 5 45 46 92 93 114 60 83 140 77 37 103 133 161 147 145 166 59 26 80 110 159 163 101 75 55 14 15 9 10 64 65 120 121 142 115 27 135 105 106 132 167 118 90 117 112 82 40 109 160 148 130 131 63 102 24 25 16 17 89 91 119 107 61 42 156 38 87 143 139 158 144 39 138 116 154 155 88 43 28 44 108 136 157 57 62 162 79 137 86 78
50 70 71 97 98 99 49 96 126 81 127 12 32 125 151 111 41 58 51 21 6 48 150 146 145 166 59 26 80 72 33 34 11 68 69 164 165 90 117 112 82 83 40 109 110 100 73 7 19 20 94 95 133 161 147 118 64 144 140 27 15 39 138 139 128 129 13 3 30 31 123 84 124 149 103 167 65 89 131 162 135 141 42 16 2 8 79 137 159 152 153 74 22 23 0 18 47 67 122 113 104 132 158 91 45 44 88 53 101 156 105 60 61 5 14 25 57 160 163 52 35 36 4 1 29 66 85 134 56 76 87 143 108 119 10 28 75 130 155 157 17 9 24 78 116 142 93 148 54 46 92 114 77 37 102 62 43 63 154 106 38 107 86 55 120 121 115 136
51 72 33 100 73 50 128 129 34 70 71 152 153 74 7 21 97 98 99 110 159 163 101 52 13 3 49 96 126 81 127 80 160 93 148 130 131 22 23 6 12 32 125 151 111 41 58 109 116 142 122 66 154 155 53 35 36 4 11 48 150 146 145 166 59 26 138 139 143 86 85 123 92 121 136 162 75 54 8 1 19 20 68 69 164 165 90 117 112 82 83 40 79 137 161 132 115 114 60 67 120 157 144 63 102 76 55 14 15 30 31 94 95 133 147 118 64 140 27 39 25 57 158 167 87 61 84 47 119 107 106 156 88 43 103 104 24 2 0 18 124 149 65 89 135 141 42 16 78 62 17 113 46 91 38 77 56 37 5 29 45 44 105 108 28 9 134 10
52 73 74 34 72 101 7 21 100 130 131 13 3 33 128 129 154 155 53 22 23 6 50 51 152 153 121 136 162 75 35 36 4 11 12 70 71 110 159 163 148 92 157 166 144 63 102 54 8 1 19 20 97 98 99 127 80 160 93 120 106 156 112 151 88 43 76 55 14 15 30 31 32 49 96 126 81 109 116 142 122 66 119 107 38 77 140 82 145 117 89 62 103 104 24 25 2 0 18 47 48 125 111 41 58 138 139 143 86 85 123 46 91 57 105 135 141 90 44 87 132 133 56 37 39 5 29 67 68 69 150 146 59 26 79 137 161 115 114 60 108 78 134 83 118 64 10 28 149 40 9 45 94 95 164 165 158 167 61 84 113 27 147 124 16 17 65 42
53 75 35 63 102 52 88 43 36 73 74 117 89 62 54 22 34 72 101 144 145 44 86 87 76 55 7 21 100 130 131 162 90 10 28 115 116 103 104 23 13 3 33 128 129 154 155 166 118 64 18 5 61 114 143 132 133 56 4 6 50 51 152 153 121 136 112 151 146 147 29 30 9 17 42 142 161 149 77 37 8 1 11 12 70 71 110 159 163 148 92 157 140 82 98 125 65 45 46 0 16 60 160 167 164 69 124 105 106 14 15 19 20 97 99 127 80 93 120 156 135 141 111 126 150 91 31 2 26 27 84 85 139 158 96 48 134 38 24 25 32 49 81 109 122 66 119 107 83 165 108 47 40 41 113 94 68 95 57 39 58 138 123 59 137 78 67 79
54 76 55 103 104 23 132 133 56 4 13 87 143 149 77 37 8 1 22 102 62 161 69 124 105 106 14 15 3 35 36 75 86 167 164 96 48 134 135 38 24 25 2 6 7 52 53 63 115 116 139 158 125 97 68 95 113 156 57 39 5 0 11 12 73 74 88 43 61 114 159 109 165 150 146 49 94 141 155 157 78 79 58 40 9 10 19 20 21 34 72 101 117 89 17 42 142 160 152 138 147 98 32 123 84 83 140 162 130 107 108 80 81 16 18 30 31 33 100 131 144 145 44 28 60 153 110 137 65 118 126 70 67 122 27 59 166 154 136 120 41 26 29 47 50 51 128 129 90 85 163 127 91 45 151 111 82 112 121 119 46 66 71 64 93 148 99 92
55 23 54 4 13 76 8 1 22 103 104 14 15 3 35 36 132 133 56 24 25 2 6 7 52 53 87 143 149 77 37 38 39 5 0 11 12 73 74 75 102 62 161 69 124 105 106 57 58 40 9 10 19 20 21 34 72 101 63 86 167 164 96 48 134 135 78 79 80 81 16 17 18 30 31 32 33 100 130 131 88 43 115 116 139 158 125 97 68 95 113 156 107 108 109 110 41 26 27 28 29 47 49 50 51 128 129 154 155 117 89 61 114 159 165 150 146 94 141 157 136 120 137 138 127 59 42 44 45 46 66 67 70 71 152 153 121 162 144 145 142 160 147 98 123 84 83 140 119 99 82 60 64 65 92 93 163 148 166 90 118 126 122 91 111 112 85 151
56 77 37 105 106 55 134 135 38 23 54 95 113 156 57 24 4 13 76 124 68 141 155 157 78 79 8 1 22 103 104 149 94 83 140 162 130 107 108 25 14 15 3 35 36 132 133 69 123 84 27 59 166 144 154 136 120 137 39 2 6 7 52 53 87 143 96 48 67 122 42 16 82 112 151 131 121 119 158 138 58 40 5 0 11 12 73 74 75 102 62 161 125 97 20 47 85 60 61 26 111 145 101 148 92 46 91 165 167 80 81 9 10 19 21 34 72 63 86 164 150 146 49 32 66 114 17 41 71 126 90 117 129 163 31 29 147 139 109 110 18 30 33 100 88 43 115 116 98 93 142 28 99 50 118 64 45 65 159 127 51 128 89 70 153 160 44 152
57 78 79 107 108 25 136 120 137 39 14 157 154 119 158 138 58 40 24 106 156 121 46 91 165 167 80 81 15 37 38 77 155 148 92 31 29 147 150 139 109 110 41 2 8 55 56 105 162 130 129 163 47 19 45 65 118 164 159 127 59 26 5 0 23 54 134 135 166 144 74 100 93 66 67 30 64 146 133 161 160 152 51 99 82 83 9 10 1 4 13 76 95 113 112 151 131 101 52 128 122 20 18 89 90 98 125 149 103 116 142 72 33 111 27 16 17 3 22 104 124 68 141 140 145 53 73 153 85 123 32 11 44 88 126 70 69 132 143 86 50 71 42 28 6 7 35 36 94 117 75 34 114 60 48 49 97 96 87 115 61 43 12 84 63 102 21 62
58 80 81 109 110 41 138 139 127 59 26 79 137 159 51 99 82 83 40 25 57 158 160 152 72 33 111 112 27 15 39 14 78 165 167 116 142 100 73 50 71 126 140 42 16 2 8 24 107 108 147 150 143 86 153 128 129 34 70 151 135 141 60 61 5 0 37 38 136 120 65 118 164 161 132 115 163 74 7 21 97 98 145 166 156 105 84 85 17 9 10 1 55 56 157 154 119 91 45 146 133 87 114 93 148 101 52 13 3 49 96 90 117 155 134 113 94 28 18 4 23 54 77 106 121 46 64 125 149 103 102 62 122 66 130 131 22 6 12 32 144 162 95 123 43 44 29 30 76 92 31 89 69 124 36 75 53 35 11 48 68 67 63 104 47 19 88 20
59 82 83 111 112 27 71 126 140 42 16 99 50 151 135 141 60 61 26 81 127 70 145 166 156 105 84 85 17 40 41 58 51 97 98 90 117 155 157 134 113 94 114 28 9 15 39 80 72 33 49 96 118 64 144 162 130 106 95 123 142 115 43 44 2 8 109 110 100 73 12 32 125 146 147 89 131 154 38 77 124 68 67 122 153 160 62 63 10 5 0 14 138 139 128 129 34 21 6 48 150 65 88 53 101 121 136 57 24 104 149 20 47 163 116 86 87 18 1 25 79 137 159 152 74 7 11 69 164 165 91 45 75 35 148 92 78 37 56 76 66 93 143 102 29 30 3 4 158 52 13 19 133 161 108 119 120 107 55 103 132 36 46 167 22 23 31 54
60 84 85 113 94 114 141 134 123 142 115 83 140 95 67 122 153 160 61 27 59 135 124 68 20 47 163 128 116 17 42 16 82 156 105 104 149 32 11 66 93 148 152 143 86 28 9 26 111 112 155 157 56 76 69 48 49 19 92 129 110 159 161 132 43 44 40 41 71 126 162 130 106 77 37 103 96 12 30 31 120 121 74 100 127 80 167 164 87 62 63 10 15 39 99 50 151 166 144 154 38 55 133 125 97 21 6 0 18 119 107 101 52 51 109 139 158 102 88 5 2 8 58 81 70 145 131 136 57 24 23 54 150 146 33 34 1 29 46 91 73 72 138 165 36 75 117 89 14 98 90 53 78 79 4 13 7 3 45 108 137 147 22 25 118 64 35 65
61 17 42 28 9 60 43 44 16 84 85 62 63 10 26 27 113 94 114 86 87 88 18 5 40 41 141 134 123 142 115 116 102 117 89 29 30 15 39 59 83 140 95 67 122 153 160 143 36 75 144 145 45 46 0 2 8 58 82 135 124 68 20 47 163 128 161 132 54 22 131 162 90 64 65 31 1 14 80 81 111 112 156 105 104 149 32 11 66 93 148 152 167 164 76 55 35 53 101 166 118 91 19 3 4 24 25 109 110 71 126 155 157 56 69 48 49 92 129 159 139 158 133 103 23 52 130 151 146 147 108 119 6 7 37 38 138 127 99 50 106 77 96 12 120 121 74 100 165 13 73 154 98 125 137 78 57 79 51 70 97 21 107 150 34 72 136 33
62 86 87 115 116 102 61 114 143 36 75 17 42 142 161 132 54 22 63 28 9 60 153 160 167 164 76 55 35 88 43 44 16 84 85 163 128 139 158 133 103 104 23 52 53 117 89 10 26 27 113 94 93 148 152 159 109 165 149 56 4 13 73 74 144 145 18 5 40 41 141 134 123 122 66 129 110 138 147 150 69 124 77 37 8 1 34 72 101 131 162 90 29 30 15 39 59 83 140 95 67 92 100 127 80 79 137 65 118 96 48 105 106 14 3 7 21 130 166 64 45 46 0 2 58 82 135 68 20 47 120 121 51 99 25 57 91 146 125 97 38 24 6 33 154 155 112 151 31 81 111 156 32 11 119 107 78 108 98 49 12 50 136 19 71 126 157 70
63 88 43 117 89 62 144 145 44 86 87 131 162 90 10 28 115 116 102 53 101 166 118 64 18 5 61 114 143 36 75 35 130 112 151 146 147 29 30 9 17 42 142 161 132 54 22 52 154 155 140 82 98 125 65 45 46 0 16 60 153 160 167 164 76 55 73 74 121 136 135 141 111 126 70 150 91 31 1 2 26 27 84 85 163 128 139 158 133 103 104 23 34 72 148 92 157 156 105 83 71 97 165 108 119 47 19 3 4 40 41 113 94 93 152 159 109 149 56 13 7 21 100 129 120 106 134 59 99 50 49 96 137 78 66 67 6 8 15 39 123 122 110 138 69 124 77 37 33 107 38 95 81 127 12 32 20 11 14 58 80 79 48 51 57 24 68 25
64 89 90 44 88 118 10 28 117 146 147 18 5 43 144 145 98 125 65 29 30 9 62 63 131 162 126 70 150 91 45 46 0 16 17 86 87 53 101 166 151 111 97 164 165 108 119 31 1 2 26 27 115 116 102 75 35 130 112 71 49 96 133 161 137 78 47 19 3 4 40 41 42 61 114 143 36 52 154 155 140 82 99 50 12 32 149 103 167 158 138 107 66 67 6 7 8 15 39 59 60 142 132 54 22 73 74 121 136 135 141 81 127 21 48 69 124 139 79 120 92 93 20 11 13 14 58 83 84 85 153 160 76 55 34 72 148 157 156 105 51 33 68 104 159 109 25 57 122 23 24 80 113 94 163 128 100 129 106 134 95 56 152 123 37 38 110 77
65 91 45 108 119 64 137 78 46 89 90 158 138 107 31 29 44 88 118 165 167 79 136 120 47 19 10 28 117 146 147 150 139 25 57 157 154 66 67 30 18 5 43 144 145 98 125 164 159 109 39 14 106 156 121 92 93 20 0 9 62 63 131 162 126 70 133 161 160 152 58 40 24 38 77 155 148 122 32 11 1 2 16 17 86 87 53 101 166 151 111 97 149 103 116 142 110 80 81 15 37 105 130 129 163 85 123 48 49 3 4 26 27 115 102 75 35 112 71 96 69 124 132 143 153 127 41 8 55 56 134 135 74 100 114 60 68 12 6 7 42 61 36 52 140 82 99 50 104 128 51 59 23 54 95 113 84 94 21 13 22 73 141 76 72 33 83 34
66 92 93 120 121 122 119 107 148 85 123 46 91 136 129 163 114 60 67 31 29 108 157 154 74 100 142 115 84 20 47 19 45 137 78 106 156 101 52 128 153 160 61 113 94 32 11 30 64 65 158 138 38 77 155 130 131 73 152 116 17 42 141 134 48 49 0 18 89 90 165 167 79 57 24 105 162 53 34 72 110 159 143 86 28 9 83 140 95 68 69 12 1 2 44 88 118 147 150 139 25 37 135 166 144 75 35 7 21 127 80 161 132 43 16 27 59 124 96 6 3 4 5 10 117 146 164 109 39 14 55 56 112 151 63 102 13 33 51 99 87 62 26 82 104 149 125 97 8 145 98 133 58 40 23 54 36 22 50 81 41 111 76 15 126 70 103 71
67 20 47 32 11 66 48 49 19 92 93 68 69 12 30 31 120 121 122 94 95 96 21 6 0 18 119 107 148 85 123 84 124 125 97 33 34 1 2 29 46 91 136 129 163 114 60 113 104 149 150 146 50 51 7 3 4 5 45 108 157 154 74 100 142 115 141 134 56 76 164 165 98 70 71 72 13 8 9 10 64 65 137 78 106 156 101 52 128 153 160 61 83 140 77 37 103 133 161 147 126 99 73 22 23 14 15 16 17 89 90 158 138 38 155 130 131 152 116 42 27 59 135 105 55 132 167 118 151 111 81 127 35 36 24 25 26 28 44 88 79 57 162 53 110 159 143 86 82 54 87 139 145 166 41 58 39 40 43 117 144 75 80 112 102 62 109 63
68 94 95 123 84 124 67 122 113 104 149 20 47 85 141 134 56 76 69 32 11 66 114 60 83 140 77 37 103 96 48 49 19 92 93 142 115 27 59 135 105 106 55 132 133 125 97 12 30 31 120 121 153 160 61 42 16 82 156 38 23 54 87 143 150 146 21 6 0 18 119 107 148 163 128 116 17 26 111 112 155 157 57 24 4 13 102 62 161 164 165 98 33 34 1 2 29 46 91 136 129 152 86 28 9 40 41 71 126 162 130 78 79 8 22 36 75 167 147 70 50 51 7 3 5 45 108 154 74 100 110 159 43 44 15 39 99 151 166 144 25 14 35 63 139 158 65 118 72 10 64 137 101 52 127 80 58 81 145 131 53 88 109 73 89 90 138 117
69 96 48 125 97 68 150 146 49 94 95 164 165 98 12 32 123 84 124 133 161 147 126 70 21 6 67 122 113 104 149 103 167 65 118 151 111 33 34 11 20 47 85 141 134 56 76 132 139 158 91 45 145 166 71 50 51 7 19 66 114 60 83 140 77 37 87 143 159 109 108 119 64 90 117 112 99 72 13 3 30 31 92 93 142 115 27 59 135 105 106 55 102 62 160 152 138 137 78 46 89 144 82 81 127 100 73 22 23 0 18 120 121 153 61 42 16 156 38 54 36 75 86 116 110 79 107 29 44 88 131 162 41 58 128 129 35 4 1 2 148 163 17 26 155 157 57 24 63 80 25 136 10 28 53 101 74 52 8 5 9 40 130 43 39 14 154 15
70 97 98 49 96 126 12 32 125 151 111 21 6 48 150 146 145 166 71 33 34 11 68 69 164 165 90 117 112 99 50 51 7 19 20 94 95 133 161 147 118 64 144 140 82 81 127 72 13 3 30 31 123 84 124 149 103 167 65 89 131 162 135 141 41 58 100 73 22 23 0 18 47 67 122 113 104 132 139 158 91 45 44 88 53 101 156 105 83 59 26 80 128 129 35 36 4 1 2 29 66 85 134 56 76 87 143 159 109 108 119 10 28 75 130 155 157 27 40 110 152 153 74 52 54 8 5 46 92 93 114 60 77 37 102 62 160 138 137 78 43 63 154 106 42 16 15 39 163 55 14 9 120 121 142 115 86 116 79 107 136 38 61 148 24 25 17 57
71 99 50 81 127 70 41 58 51 97 98 59 26 80 72 33 49 96 126 82 83 40 109 110 100 73 12 32 125 151 111 112 27 15 39 138 139 128 129 34 21 6 48 150 146 145 166 140 42 16 2 8 79 137 159 152 153 74 7 11 68 69 164 165 90 117 135 141 60 61 5 0 14 25 57 158 160 163 101 52 13 3 19 20 94 95 133 161 147 118 64 144 156 105 84 85 17 9 10 1 24 78 167 116 142 93 148 130 131 22 23 30 31 123 124 149 103 65 89 162 155 157 134 113 114 28 18 4 37 38 107 108 143 86 122 66 154 53 35 36 47 67 104 132 91 45 44 88 106 115 43 29 55 56 136 120 92 121 75 54 76 87 119 77 62 63 46 102
72 100 73 128 129 34 152 153 74 7 21 110 159 163 101 52 13 3 33 127 80 160 93 148 130 131 22 23 6 50 51 99 109 116 142 122 66 154 155 53 35 36 4 11 12 70 71 81 138 139 143 86 85 123 92 121 136 162 75 54 8 1 19 20 97 98 41 58 79 137 161 132 115 114 60 67 120 157 166 144 63 102 76 55 14 15 30 31 32 49 96 126 59 26 25 57 158 167 164 87 61 84 47 119 107 106 156 112 151 88 43 103 104 24 2 0 18 48 125 111 82 83 40 39 78 165 133 62 17 42 113 94 46 91 38 77 140 145 117 89 56 37 5 29 68 69 150 146 27 108 147 149 28 9 141 134 105 135 90 44 10 45 95 16 65 118 124 64
73 34 72 7 21 100 13 3 33 128 129 22 23 6 50 51 152 153 74 35 36 4 11 12 70 71 110 159 163 101 52 53 54 8 1 19 20 97 98 99 127 80 160 93 148 130 131 75 76 55 14 15 30 31 32 49 96 126 81 109 116 142 122 66 154 155 63 102 103 104 24 25 2 0 18 47 48 125 151 111 41 58 138 139 143 86 85 123 92 121 136 162 88 43 132 133 56 37 38 39 5 29 67 68 69 150 146 145 166 59 26 79 137 161 115 114 60 120 157 144 117 89 62 87 149 77 57 40 9 10 45 46 94 95 164 165 90 112 82 83 158 167 61 84 119 107 106 156 44 124 105 78 16 17 64 65 147 118 140 27 42 113 91 28 134 135 108 141
74 101 52 130 131 73 154 155 53 34 72 121 136 162 75 35 7 21 100 148 92 157 166 144 63 102 13 3 33 128 129 163 120 106 156 112 151 88 43 36 22 23 6 50 51 152 153 93 119 107 38 77 140 82 145 117 89 62 54 4 11 12 70 71 110 159 122 66 46 91 57 24 105 135 141 111 90 44 86 87 76 55 8 1 19 20 97 98 99 127 80 160 85 123 31 29 108 78 79 37 134 83 126 118 64 10 28 115 116 103 104 14 15 30 32 49 96 81 109 142 114 60 67 47 45 137 25 56 95 113 27 59 146 147 18 5 61 143 132 133 2 0 48 125 41 58 138 139 84 65 158 39 124 68 42 16 9 17 161 149 69 150 26 94 165 167 40 164
75 63 102 88 43 36 117 89 62 54 22 144 145 44 86 87 76 55 35 131 162 90 10 28 115 116 103 104 23 52 53 101 166 118 64 18 5 61 114 143 132 133 56 4 13 73 74 130 112 151 146 147 29 30 9 17 42 142 161 149 77 37 8 1 34 72 154 155 140 82 98 125 65 45 46 0 16 60 153 160 167 164 69 124 105 106 14 15 3 7 21 100 121 136 135 141 111 126 70 150 91 31 2 26 27 84 85 163 128 139 158 96 48 134 38 24 25 6 33 129 148 92 157 156 83 71 97 165 108 119 47 19 40 41 113 94 93 152 159 109 68 95 57 39 11 12 50 51 120 59 99 49 137 78 66 67 123 122 110 138 79 58 20 107 81 127 32 80
76 103 104 132 133 56 87 143 149 77 37 102 62 161 69 124 105 106 55 36 75 86 167 164 96 48 134 135 38 23 54 22 63 115 116 139 158 125 97 68 95 113 156 57 24 4 13 35 88 43 61 114 159 109 165 150 146 49 94 141 155 157 78 79 8 1 52 53 117 89 17 42 142 160 152 138 147 98 12 32 123 84 83 140 162 130 107 108 25 14 15 3 73 74 144 145 44 28 9 60 153 110 137 65 118 126 70 21 6 67 122 27 59 166 154 136 120 39 2 7 34 72 101 131 90 10 16 85 163 128 127 80 91 45 151 111 33 11 20 47 82 112 121 119 58 40 5 0 100 64 18 26 93 148 51 99 71 50 19 66 92 46 81 129 29 30 41 31
77 105 106 134 135 38 95 113 156 57 24 124 68 141 155 157 78 79 37 104 149 94 83 140 162 130 107 108 25 55 56 76 69 123 84 27 59 166 144 154 136 120 137 39 14 23 54 103 96 48 67 122 42 16 82 112 151 131 121 119 158 138 58 40 4 13 132 133 125 97 20 47 85 60 61 26 111 145 53 101 148 92 46 91 165 167 80 81 15 8 1 22 87 143 150 146 49 32 11 66 114 17 41 71 126 90 117 75 35 129 163 31 29 147 139 109 110 2 3 36 102 62 161 164 98 12 19 93 142 115 28 9 99 50 118 64 63 52 74 100 45 65 159 127 5 0 6 7 86 70 21 30 153 160 43 44 89 88 73 128 152 51 10 116 33 34 18 72
78 107 108 136 120 137 157 154 119 158 138 106 156 121 46 91 165 167 79 38 77 155 148 92 31 29 147 150 139 25 57 24 105 162 130 129 163 47 19 45 65 118 164 159 109 39 14 37 134 135 166 144 74 100 93 66 67 30 64 146 133 161 160 152 58 40 55 56 95 113 112 151 131 101 52 128 122 20 0 18 89 90 98 125 149 103 116 142 110 80 81 15 23 54 124 68 141 140 82 145 53 73 153 85 123 32 11 1 2 44 88 126 70 69 132 143 86 127 41 8 4 13 76 104 94 83 111 117 75 35 34 72 114 60 48 49 3 5 10 28 97 96 87 115 51 99 59 26 22 84 27 71 63 102 7 21 12 6 9 43 62 61 33 36 42 16 50 17
79 25 57 39 14 78 58 40 24 107 108 80 81 15 37 38 136 120 137 109 110 41 2 8 55 56 157 154 119 158 138 139 127 59 26 5 0 23 54 77 106 156 121 46 91 165 167 159 51 99 82 83 9 10 1 4 13 76 105 155 148 92 31 29 147 150 160 152 72 33 111 112 27 16 17 18 3 22 103 104 134 135 162 130 129 163 47 19 45 65 118 164 116 142 100 73 50 71 126 140 42 28 30 6 7 35 36 132 133 95 113 166 144 74 93 66 67 64 146 161 143 86 153 128 34 70 151 141 60 61 43 44 11 12 52 53 87 149 124 68 131 101 122 20 89 90 98 125 115 21 97 145 84 85 62 63 75 102 69 94 123 32 88 114 49 96 117 48
80 109 110 138 139 127 79 137 159 51 99 25 57 158 160 152 72 33 81 39 14 78 165 167 116 142 100 73 50 41 58 40 24 107 108 147 150 143 86 153 128 129 34 70 71 59 26 15 37 38 136 120 65 118 164 161 132 115 163 74 7 21 97 98 82 83 2 8 55 56 157 154 119 91 45 146 133 87 61 114 93 148 101 52 13 3 49 96 126 111 112 27 5 0 23 54 77 106 156 121 46 64 125 149 103 102 62 17 42 122 66 130 131 22 6 12 32 151 140 16 9 10 1 4 76 105 155 92 31 29 89 90 69 124 36 75 28 60 85 123 53 35 11 48 145 166 135 141 18 104 134 162 47 19 44 88 63 43 84 67 20 68 117 30 95 113 144 94
81 41 58 59 26 80 82 83 40 109 110 111 112 27 15 39 138 139 127 71 126 140 42 16 2 8 79 137 159 51 99 50 151 135 141 60 61 5 0 14 25 57 158 160 152 72 33 70 145 166 156 105 84 85 17 9 10 1 24 78 165 167 116 142 100 73 97 98 90 117 155 157 134 113 94 114 28 18 3 4 37 38 107 108 147 150 143 86 153 128 129 34 49 96 118 64 144 162 130 106 95 123 115 43 44 29 30 6 7 55 56 136 120 65 164 161 132 163 74 21 12 32 125 146 89 131 154 77 124 68 67 122 62 63 45 46 11 13 23 54 119 91 133 87 93 148 101 52 48 88 53 121 104 149 20 47 31 19 22 76 103 102 66 69 75 35 92 36
82 111 112 71 126 140 99 50 151 135 141 81 127 70 145 166 156 105 83 41 58 51 97 98 90 117 155 157 134 27 59 26 80 72 33 49 96 118 64 144 162 130 106 95 113 42 16 40 109 110 100 73 12 32 125 146 147 89 131 154 38 77 124 68 60 61 15 39 138 139 128 129 34 21 6 48 150 65 44 88 53 101 121 136 57 24 104 149 94 84 85 17 2 8 79 137 159 152 153 74 7 11 69 164 165 91 45 10 28 75 35 148 92 78 37 56 76 123 114 9 5 0 14 25 158 160 163 52 13 3 19 20 133 161 108 119 18 43 63 102 120 107 55 103 67 122 142 115 1 167 116 93 22 23 30 31 46 29 62 36 54 132 47 4 143 86 66 87
83 27 59 42 16 82 60 61 26 111 112 84 85 17 40 41 71 126 140 113 94 114 28 9 15 39 99 50 151 135 141 134 123 142 115 43 44 2 8 58 81 127 70 145 166 156 105 95 67 122 153 160 62 63 10 5 0 14 80 51 97 98 90 117 155 157 124 68 20 47 163 128 116 86 87 88 18 1 24 25 109 110 72 33 49 96 118 64 144 162 130 106 104 149 32 11 66 93 148 152 143 102 89 29 30 3 4 37 38 138 139 100 73 12 125 146 147 131 154 77 56 76 69 48 19 92 129 159 161 132 36 75 45 46 6 7 55 57 79 137 34 21 150 65 53 101 121 136 103 31 120 74 167 164 54 22 13 23 78 158 165 91 35 133 119 107 52 108
84 113 94 141 134 123 83 140 95 67 122 27 59 135 124 68 20 47 85 42 16 82 156 105 104 149 32 11 66 114 60 61 26 111 112 155 157 56 76 69 48 49 19 92 93 142 115 17 40 41 71 126 162 130 106 77 37 103 96 12 30 31 120 121 153 160 28 9 15 39 99 50 151 166 144 154 38 55 132 133 125 97 21 6 0 18 119 107 148 163 128 116 43 44 2 8 58 81 127 70 145 131 136 57 24 23 54 87 143 150 146 33 34 1 29 46 91 129 152 86 62 63 10 5 14 80 51 98 90 117 53 101 78 79 4 13 102 161 164 165 7 3 45 108 74 100 110 159 88 25 109 72 118 64 75 35 22 36 167 147 65 137 52 89 138 139 73 158
85 114 60 142 115 84 153 160 61 113 94 163 128 116 17 42 141 134 123 93 148 152 143 86 28 9 83 140 95 67 122 66 129 110 159 161 132 43 44 16 27 59 135 124 68 20 47 92 74 100 127 80 167 164 87 62 63 10 26 82 156 105 104 149 32 11 120 121 101 52 51 99 109 139 158 133 102 88 18 5 40 41 111 112 155 157 56 76 69 48 49 19 119 107 130 131 73 72 33 81 138 165 103 36 75 117 89 29 30 15 39 71 126 162 106 77 37 96 12 31 46 91 136 154 53 34 50 58 79 137 147 150 54 22 144 145 45 0 2 8 151 166 38 55 125 97 21 6 108 35 7 70 25 57 65 118 90 64 1 14 24 23 146 78 13 3 98 4
86 115 116 61 114 143 17 42 142 161 132 28 9 60 153 160 167 164 87 43 44 16 84 85 163 128 139 158 133 102 62 63 10 26 27 113 94 93 148 152 159 109 165 149 103 36 75 88 18 5 40 41 141 134 123 122 66 129 110 138 147 150 69 124 54 22 117 89 29 30 15 39 59 83 140 95 67 92 74 100 127 80 79 137 65 118 96 48 104 76 55 35 144 145 45 46 0 2 8 58 82 135 68 20 47 120 121 101 52 51 99 25 57 91 146 125 97 56 23 53 131 162 90 64 31 1 14 81 111 112 156 105 32 11 119 107 130 73 72 33 78 108 98 49 77 37 4 13 166 19 3 24 71 126 155 157 136 154 34 50 70 12 106 151 6 7 38 21
87 102 62 36 75 86 54 22 63 115 116 76 55 35 88 43 61 114 143 103 104 23 52 53 117 89 17 42 142 161 132 133 56 4 13 73 74 144 145 44 28 9 60 153 160 167 164 149 77 37 8 1 34 72 101 131 162 90 10 16 84 85 163 128 139 158 69 124 105 106 14 15 3 7 21 100 130 166 118 64 18 5 26 27 113 94 93 148 152 159 109 165 96 48 134 135 38 24 25 2 6 33 129 154 155 112 151 146 147 29 30 40 41 141 123 122 66 110 138 150 125 97 68 95 156 57 39 0 11 12 50 51 121 136 140 82 98 65 45 46 59 83 67 92 127 80 79 137 49 157 78 58 19 20 70 71 111 126 91 31 47 120 99 32 107 108 81 119
88 117 89 144 145 44 131 162 90 10 28 53 101 166 118 64 18 5 43 75 35 130 112 151 146 147 29 30 9 62 63 102 52 154 155 140 82 98 125 65 45 46 0 16 17 86 87 36 73 74 121 136 135 141 111 126 70 150 91 31 1 2 26 27 115 116 54 22 34 72 148 92 157 156 105 83 71 97 164 165 108 119 47 19 3 4 40 41 42 61 114 143 76 55 7 21 100 129 163 120 106 134 59 99 50 49 96 133 161 137 78 66 67 6 8 15 39 60 142 132 103 104 23 13 33 128 93 107 38 77 95 113 81 127 12 32 149 167 158 138 20 11 14 58 84 85 153 160 56 51 152 122 57 24 124 68 48 69 139 79 25 80 94 37 110 159 123 109
89 44 88 10 28 117 18 5 43 144 145 29 30 9 62 63 131 162 90 45 46 0 16 17 86 87 53 101 166 118 64 65 31 1 2 26 27 115 116 102 75 35 130 112 151 146 147 91 47 19 3 4 40 41 42 61 114 143 36 52 154 155 140 82 98 125 108 119 66 67 6 7 8 15 39 59 60 142 161 132 54 22 73 74 121 136 135 141 111 126 70 150 137 78 92 93 20 11 12 13 14 58 83 84 85 153 160 167 164 76 55 34 72 148 157 156 105 71 97 165 158 138 107 120 122 32 21 23 24 25 80 81 113 94 163 128 139 133 103 104 100 129 106 134 99 50 49 96 79 123 48 33 37 38 109 110 152 159 149 56 77 95 127 57 68 69 51 124
90 118 64 146 147 89 98 125 65 44 88 126 70 150 91 45 10 28 117 151 111 97 164 165 108 119 18 5 43 144 145 166 71 49 96 133 161 137 78 46 29 30 9 62 63 131 162 112 99 50 12 32 149 103 167 158 138 107 31 0 16 17 86 87 53 101 140 82 81 127 21 6 48 69 124 132 139 79 136 120 47 19 1 2 26 27 115 116 102 75 35 130 135 141 41 58 51 33 34 11 68 104 143 159 109 25 57 157 154 66 67 3 4 40 42 61 114 36 52 155 156 105 83 59 80 72 7 20 94 95 56 76 160 152 39 14 106 121 92 93 8 15 60 142 54 22 73 74 134 110 100 13 123 84 77 37 24 38 148 122 85 153 55 113 128 129 23 163
91 108 119 137 78 46 158 138 107 31 29 165 167 79 136 120 47 19 45 147 150 139 25 57 157 154 66 67 30 64 65 118 164 159 109 39 14 106 156 121 92 93 20 0 18 89 90 146 133 161 160 152 58 40 24 38 77 155 148 122 32 11 1 2 44 88 98 125 149 103 116 142 110 80 81 15 37 105 162 130 129 163 85 123 48 49 3 4 5 10 28 117 126 70 69 124 132 143 86 153 127 41 8 55 56 134 135 166 144 74 100 114 60 68 12 6 7 9 43 145 151 111 97 96 104 87 115 128 51 99 59 26 23 54 95 113 112 131 101 52 84 94 21 13 16 17 62 63 71 76 102 61 72 33 82 83 141 140 53 73 34 22 27 50 36 75 42 35
92 120 121 119 107 148 46 91 136 129 163 31 29 108 157 154 74 100 93 47 19 45 137 78 106 156 101 52 128 122 66 67 30 64 65 158 138 38 77 155 130 131 73 152 153 85 123 20 0 18 89 90 165 167 79 57 24 105 162 53 34 72 110 159 114 60 32 11 1 2 44 88 118 147 150 139 25 37 134 135 166 144 75 35 7 21 127 80 160 142 115 84 48 49 3 4 5 10 28 117 146 164 109 39 14 55 56 95 113 112 151 63 102 13 33 51 99 116 61 94 68 69 12 6 8 9 43 145 98 125 133 161 58 40 23 54 124 141 140 82 36 22 50 81 143 86 17 42 96 15 16 62 126 70 149 103 76 104 83 111 71 41 132 97 26 27 87 59
93 122 66 85 123 92 114 60 67 120 121 142 115 84 20 47 119 107 148 153 160 61 113 94 32 11 46 91 136 129 163 128 116 17 42 141 134 48 49 19 31 29 108 157 154 74 100 152 143 86 28 9 83 140 95 68 69 12 30 45 137 78 106 156 101 52 110 159 161 132 43 44 16 27 59 135 124 96 21 6 0 18 64 65 158 138 38 77 155 130 131 73 127 80 167 164 87 62 63 10 26 82 105 104 149 125 97 33 34 1 2 89 90 165 79 57 24 162 53 72 51 99 109 139 133 102 88 5 40 41 111 112 56 76 150 146 50 7 3 4 118 147 25 37 166 144 75 35 81 103 36 117 15 39 71 126 98 70 13 8 14 55 151 58 54 22 145 23
94 123 84 67 122 113 20 47 85 141 134 32 11 66 114 60 83 140 95 48 49 19 92 93 142 115 27 59 135 124 68 69 12 30 31 120 121 153 160 61 42 16 82 156 105 104 149 96 21 6 0 18 119 107 148 163 128 116 17 26 111 112 155 157 56 76 125 97 33 34 1 2 29 46 91 136 129 152 143 86 28 9 40 41 71 126 162 130 106 77 37 103 150 146 50 51 7 3 4 5 45 108 154 74 100 110 159 161 132 43 44 15 39 99 151 166 144 38 55 133 164 165 98 70 72 13 8 10 64 65 137 78 101 52 127 80 167 87 62 63 58 81 145 131 57 24 23 54 147 73 22 14 89 90 158 138 109 139 102 88 117 53 79 118 35 36 25 75
95 124 68 104 149 94 56 76 69 123 84 77 37 103 96 48 67 122 113 105 106 55 132 133 125 97 20 47 85 141 134 135 38 23 54 87 143 150 146 49 32 11 66 114 60 83 140 156 57 24 4 13 102 62 161 164 165 98 12 19 92 93 142 115 27 59 155 157 78 79 8 1 22 36 75 86 167 147 126 70 21 6 30 31 120 121 153 160 61 42 16 82 162 130 107 108 25 14 15 3 35 63 116 139 158 65 118 151 111 33 34 0 18 119 148 163 128 17 26 112 166 144 154 136 137 39 2 7 52 53 88 43 159 109 91 45 145 71 50 51 29 46 129 152 28 9 40 41 131 138 58 5 73 74 117 89 64 90 99 72 100 110 44 101 80 81 10 127
96 125 97 150 146 49 164 165 98 12 32 133 161 147 126 70 21 6 48 149 103 167 65 118 151 111 33 34 11 68 69 124 132 139 158 91 45 145 166 71 50 51 7 19 20 94 95 104 87 143 159 109 108 119 64 90 117 112 99 72 13 3 30 31 123 84 56 76 102 62 160 152 138 137 78 46 89 144 140 82 81 127 100 73 22 23 0 18 47 67 122 113 77 37 36 75 86 116 142 110 79 107 29 44 88 131 162 135 141 41 58 128 129 35 4 1 2 66 85 134 105 106 55 54 63 115 153 80 25 57 136 120 10 28 53 101 156 83 59 26 74 52 8 5 92 93 114 60 38 43 61 163 39 14 157 154 130 155 27 40 15 9 121 24 17 42 148 16
97 49 96 12 32 125 21 6 48 150 146 33 34 11 68 69 164 165 98 50 51 7 19 20 94 95 133 161 147 126 70 71 72 13 3 30 31 123 84 124 149 103 167 65 118 151 111 99 100 73 22 23 0 18 47 67 122 113 104 132 139 158 91 45 145 166 81 127 128 129 35 36 4 1 2 29 66 85 141 134 56 76 87 143 159 109 108 119 64 90 117 112 41 58 152 153 74 52 53 54 8 5 46 92 93 114 60 83 140 77 37 102 62 160 138 137 78 89 144 82 59 26 80 110 163 101 75 55 14 15 9 10 120 121 142 115 27 135 105 106 86 116 79 107 44 88 131 162 40 148 130 63 24 25 16 17 61 42 156 38 57 136 28 39 154 155 43 157
98 126 70 151 111 97 145 166 71 49 96 90 117 112 99 50 12 32 125 118 64 144 140 82 81 127 21 6 48 150 146 147 89 131 162 135 141 41 58 51 33 34 11 68 69 164 165 65 44 88 53 101 156 105 83 59 26 80 72 7 19 20 94 95 133 161 91 45 10 28 75 35 130 155 157 134 27 40 109 110 100 73 13 3 30 31 123 84 124 149 103 167 108 119 18 5 43 63 102 52 154 106 113 42 16 15 39 138 139 128 129 22 23 0 47 67 122 104 132 158 137 78 46 29 9 62 36 74 121 136 38 77 60 61 2 8 79 159 152 153 4 1 66 85 56 76 87 143 107 17 86 54 148 92 57 24 14 25 160 163 93 114 37 120 115 116 55 142
99 81 127 41 58 51 59 26 80 72 33 82 83 40 109 110 100 73 50 111 112 27 15 39 138 139 128 129 34 70 71 126 140 42 16 2 8 79 137 159 152 153 74 7 21 97 98 151 135 141 60 61 5 0 14 25 57 158 160 163 101 52 13 3 49 96 145 166 156 105 84 85 17 9 10 1 24 78 165 167 116 142 93 148 130 131 22 23 6 12 32 125 90 117 155 157 134 113 94 114 28 18 4 37 38 107 108 147 150 143 86 122 66 154 53 35 36 11 48 146 118 64 144 162 106 95 123 115 43 44 29 30 55 56 136 120 65 164 161 132 92 121 75 54 19 20 68 69 89 77 124 67 62 63 45 46 119 91 133 87 102 76 31 88 104 149 47 103
100 128 129 152 153 74 110 159 163 101 52 127 80 160 93 148 130 131 73 51 99 109 116 142 122 66 154 155 53 34 72 33 81 138 139 143 86 85 123 92 121 136 162 75 35 7 21 50 41 58 79 137 161 132 115 114 60 67 120 157 166 144 63 102 13 3 70 71 59 26 25 57 158 167 164 87 61 84 20 47 119 107 106 156 112 151 88 43 36 22 23 6 97 98 82 83 40 39 14 78 165 133 62 17 42 113 94 32 11 46 91 38 77 140 145 117 89 54 4 12 49 96 126 111 27 15 24 108 147 150 149 103 28 9 141 134 48 19 31 29 105 135 90 44 76 55 8 1 125 16 2 37 65 118 69 124 95 68 30 45 64 10 104 146 5 0 56 18
101 130 131 154 155 53 121 136 162 75 35 148 92 157 166 144 63 102 52 129 163 120 106 156 112 151 88 43 36 73 74 100 93 119 107 38 77 140 82 145 117 89 62 54 22 34 72 128 122 66 46 91 57 24 105 135 141 111 90 44 86 87 76 55 7 21 152 153 85 123 31 29 108 78 79 37 134 83 71 126 118 64 10 28 115 116 103 104 23 13 3 33 110 159 114 60 67 47 19 45 137 25 56 95 113 27 59 99 50 146 147 18 5 61 143 132 133 4 6 51 127 80 160 142 84 20 30 65 158 138 39 14 124 68 42 16 81 70 98 125 9 17 161 149 8 1 11 12 109 94 32 0 165 167 58 40 26 41 97 150 164 69 15 139 48 49 2 96
102 36 75 54 22 63 76 55 35 88 43 103 104 23 52 53 117 89 62 132 133 56 4 13 73 74 144 145 44 86 87 143 149 77 37 8 1 34 72 101 131 162 90 10 28 115 116 161 69 124 105 106 14 15 3 7 21 100 130 166 118 64 18 5 61 114 167 164 96 48 134 135 38 24 25 2 6 33 128 129 154 155 112 151 146 147 29 30 9 17 42 142 139 158 125 97 68 95 113 156 57 39 0 11 12 50 51 152 153 121 136 140 82 98 65 45 46 16 60 160 159 109 165 150 49 94 141 157 78 79 58 40 19 20 70 71 110 163 148 92 111 126 91 31 26 27 84 85 138 32 123 83 107 108 80 81 99 127 93 120 119 47 41 137 67 122 59 66
103 132 133 87 143 149 102 62 161 69 124 36 75 86 167 164 96 48 104 54 22 63 115 116 139 158 125 97 68 56 76 55 35 88 43 61 114 159 109 165 150 146 49 94 95 77 37 23 52 53 117 89 17 42 142 160 152 138 147 98 12 32 123 84 105 106 4 13 73 74 144 145 44 28 9 60 153 110 79 137 65 118 126 70 21 6 67 122 113 134 135 38 8 1 34 72 101 131 162 90 10 16 85 163 128 127 80 25 57 91 45 151 111 33 11 20 47 141 156 24 14 15 3 7 100 130 166 64 18 5 26 27 93 148 51 99 39 78 108 119 71 50 19 66 83 140 155 157 2 129 154 112 29 30 40 41 81 58 107 46 31 92 59 0 121 136 82 120
104 56 76 77 37 103 105 106 55 132 133 134 135 38 23 54 87 143 149 95 113 156 57 24 4 13 102 62 161 69 124 68 141 155 157 78 79 8 1 22 36 75 86 167 164 96 48 94 83 140 162 130 107 108 25 14 15 3 35 63 115 116 139 158 125 97 123 84 27 59 166 144 154 136 120 137 39 2 6 7 52 53 88 43 61 114 159 109 165 150 146 49 67 122 42 16 82 112 151 131 121 119 138 58 40 5 0 11 12 73 74 117 89 17 142 160 152 147 98 32 20 47 85 60 26 111 145 101 148 92 46 91 80 81 9 10 19 21 34 72 44 28 153 110 65 118 126 70 66 41 71 90 129 163 31 29 18 30 33 100 128 127 45 93 99 50 64 51
105 134 135 95 113 156 124 68 141 155 157 104 149 94 83 140 162 130 106 56 76 69 123 84 27 59 166 144 154 38 77 37 103 96 48 67 122 42 16 82 112 151 131 121 136 57 24 55 132 133 125 97 20 47 85 60 61 26 111 145 53 101 148 92 78 79 23 54 87 143 150 146 49 32 11 66 114 17 40 41 71 126 90 117 75 35 129 163 120 107 108 25 4 13 102 62 161 164 165 98 12 19 93 142 115 28 9 15 39 99 50 118 64 63 52 74 100 119 137 14 8 1 22 36 86 167 147 70 21 6 30 31 153 160 43 44 2 58 81 127 89 88 73 128 46 91 158 138 3 116 139 65 33 34 0 18 10 5 80 51 72 152 29 7 159 109 45 110
106 38 77 57 24 105 78 79 37 134 135 107 108 25 55 56 95 113 156 136 120 137 39 14 23 54 124 68 141 155 157 154 119 158 138 58 40 4 13 76 104 149 94 83 140 162 130 121 46 91 165 167 80 81 15 8 1 22 103 69 123 84 27 59 166 144 148 92 31 29 147 150 139 109 110 41 2 3 35 36 132 133 96 48 67 122 42 16 82 112 151 131 129 163 47 19 45 65 118 164 159 127 26 5 0 6 7 52 53 87 143 125 97 20 85 60 61 111 145 101 74 100 93 66 30 64 146 161 160 152 51 99 9 10 11 12 73 75 102 62 49 32 114 17 71 126 90 117 128 18 89 98 116 142 72 33 21 34 63 86 115 28 50 153 44 88 70 43
107 136 120 157 154 119 106 156 121 46 91 38 77 155 148 92 31 29 108 57 24 105 162 130 129 163 47 19 45 137 78 79 37 134 135 166 144 74 100 93 66 67 30 64 65 158 138 25 55 56 95 113 112 151 131 101 52 128 122 20 0 18 89 90 165 167 39 14 23 54 124 68 141 140 82 145 53 73 152 153 85 123 32 11 1 2 44 88 118 147 150 139 58 40 4 13 76 104 149 94 83 111 117 75 35 34 72 110 159 114 60 48 49 3 5 10 28 146 164 109 80 81 15 8 22 103 69 84 27 59 71 126 63 102 7 21 127 160 142 115 12 6 9 43 98 125 133 161 41 36 132 96 42 16 99 50 33 51 116 61 17 62 70 26 87 143 97 86
108 137 78 158 138 107 165 167 79 136 120 147 150 139 25 57 157 154 119 65 118 164 159 109 39 14 106 156 121 46 91 45 146 133 161 160 152 58 40 24 38 77 155 148 92 31 29 64 98 125 149 103 116 142 110 80 81 15 37 105 162 130 129 163 47 19 89 90 126 70 69 124 132 143 86 153 127 41 2 8 55 56 134 135 166 144 74 100 93 66 67 30 44 88 151 111 97 96 48 104 87 115 128 51 99 59 26 5 0 23 54 95 113 112 131 101 52 122 20 18 10 28 117 145 71 49 68 76 102 62 61 114 72 33 82 83 9 1 4 13 141 140 53 73 85 123 32 11 43 50 12 94 36 75 17 42 27 16 3 22 35 34 60 63 21 6 84 7
109 138 139 79 137 159 25 57 158 160 152 39 14 78 165 167 116 142 110 58 40 24 107 108 147 150 143 86 153 127 80 81 15 37 38 136 120 65 118 164 161 132 115 163 128 51 99 41 2 8 55 56 157 154 119 91 45 146 133 87 61 114 93 148 72 33 59 26 5 0 23 54 77 106 156 121 46 64 98 125 149 103 102 62 17 42 122 66 129 100 73 50 82 83 9 10 1 4 13 76 105 155 92 31 29 89 90 126 70 69 124 36 75 28 60 85 123 74 34 71 111 112 27 16 18 3 22 104 134 135 162 130 47 19 44 88 151 97 96 48 63 43 84 67 101 52 7 21 140 30 6 35 95 113 166 144 117 145 49 68 94 20 131 141 11 12 53 32
110 127 80 51 99 109 72 33 81 138 139 100 73 50 41 58 79 137 159 128 129 34 70 71 59 26 25 57 158 160 152 153 74 7 21 97 98 82 83 40 39 14 78 165 167 116 142 163 101 52 13 3 49 96 126 111 112 27 15 24 107 108 147 150 143 86 93 148 130 131 22 23 6 12 32 125 151 140 42 16 2 8 37 38 136 120 65 118 164 161 132 115 122 66 154 155 53 35 36 4 11 48 146 145 166 135 141 60 61 5 0 55 56 157 119 91 45 133 87 114 85 123 92 121 162 75 54 1 19 20 68 69 90 117 156 105 84 17 9 10 77 106 46 64 149 103 102 62 67 144 63 76 30 31 94 95 134 113 28 18 29 89 124 47 88 43 104 44
111 71 126 99 50 151 81 127 70 145 166 41 58 51 97 98 90 117 112 59 26 80 72 33 49 96 118 64 144 140 82 83 40 109 110 100 73 12 32 125 146 147 89 131 162 135 141 27 15 39 138 139 128 129 34 21 6 48 150 65 44 88 53 101 156 105 42 16 2 8 79 137 159 152 153 74 7 11 68 69 164 165 91 45 10 28 75 35 130 155 157 134 60 61 5 0 14 25 57 158 160 163 52 13 3 19 20 94 95 133 161 108 119 18 43 63 102 154 106 113 84 85 17 9 1 24 78 167 116 142 93 148 22 23 30 31 123 124 149 103 46 29 62 36 121 136 38 77 114 4 37 107 143 86 122 66 47 67 104 132 87 54 92 115 55 56 120 76
112 140 82 135 141 111 156 105 83 71 126 155 157 134 27 59 99 50 151 162 130 106 95 113 42 16 81 127 70 145 166 144 154 38 77 124 68 60 61 26 41 58 51 97 98 90 117 131 121 136 57 24 104 149 94 84 85 17 40 80 72 33 49 96 118 64 53 101 148 92 78 79 37 56 76 69 123 114 28 9 15 39 109 110 100 73 12 32 125 146 147 89 75 35 129 163 120 107 108 25 55 103 48 67 122 142 115 43 44 2 8 138 139 128 34 21 6 150 65 88 63 102 52 74 93 119 137 14 23 54 132 133 20 47 153 160 62 10 5 0 159 152 7 11 164 165 91 45 36 66 46 158 4 13 87 143 116 86 18 1 3 19 161 22 31 29 167 30
113 141 134 83 140 95 27 59 135 124 68 42 16 82 156 105 104 149 94 60 61 26 111 112 155 157 56 76 69 123 84 85 17 40 41 71 126 162 130 106 77 37 103 96 48 67 122 114 28 9 15 39 99 50 151 166 144 154 38 55 132 133 125 97 20 47 142 115 43 44 2 8 58 81 127 70 145 131 121 136 57 24 23 54 87 143 150 146 49 32 11 66 153 160 62 63 10 5 0 14 80 51 98 90 117 53 101 148 92 78 79 4 13 102 161 164 165 12 19 93 163 128 116 86 88 18 1 25 109 110 72 33 118 64 75 35 129 120 107 108 22 36 167 147 21 6 30 31 152 89 29 3 138 139 100 73 52 74 119 137 158 65 34 159 45 46 7 91
114 142 115 153 160 61 163 128 116 17 42 93 148 152 143 86 28 9 60 122 66 129 110 159 161 132 43 44 16 84 85 123 92 74 100 127 80 167 164 87 62 63 10 26 27 113 94 67 120 121 101 52 51 99 109 139 158 133 102 88 18 5 40 41 141 134 20 47 119 107 130 131 73 72 33 81 138 165 149 103 36 75 117 89 29 30 15 39 59 83 140 95 32 11 46 91 136 154 155 53 34 50 58 79 137 147 150 69 124 54 22 144 145 45 0 2 8 82 135 68 48 49 19 31 108 157 162 35 7 21 70 71 25 57 65 118 96 104 76 55 90 64 1 14 111 112 156 105 12 78 106 166 13 3 97 98 146 125 56 23 4 24 126 6 38 77 151 37
115 61 114 17 42 142 28 9 60 153 160 43 44 16 84 85 163 128 116 62 63 10 26 27 113 94 93 148 152 143 86 87 88 18 5 40 41 141 134 123 122 66 129 110 159 161 132 102 117 89 29 30 15 39 59 83 140 95 67 92 74 100 127 80 167 164 36 75 144 145 45 46 0 2 8 58 82 135 124 68 20 47 120 121 101 52 51 99 109 139 158 133 54 22 131 162 90 64 65 31 1 14 81 111 112 156 105 104 149 32 11 119 107 130 73 72 33 138 165 103 76 55 35 53 166 118 91 19 3 4 24 25 71 126 155 157 56 69 48 49 136 154 34 50 79 137 147 150 23 151 146 108 6 7 37 38 106 77 96 12 21 70 57 13 98 125 78 97
116 143 86 161 132 115 167 164 87 61 114 139 158 133 102 62 17 42 142 159 109 165 149 103 36 75 28 9 60 153 160 152 138 147 150 69 124 54 22 63 43 44 16 84 85 163 128 110 79 137 65 118 96 48 104 76 55 35 88 10 26 27 113 94 93 148 127 80 25 57 91 45 146 125 97 68 56 23 52 53 117 89 18 5 40 41 141 134 123 122 66 129 51 99 39 14 78 108 119 64 98 49 95 77 37 4 13 73 74 144 145 29 30 15 59 83 140 67 92 100 72 33 81 58 24 107 46 90 126 70 12 32 105 106 8 1 34 101 131 162 0 2 82 135 20 47 120 121 50 38 136 31 151 111 21 6 3 7 130 166 112 156 11 71 157 154 19 155
117 144 145 131 162 90 53 101 166 118 64 75 35 130 112 151 146 147 89 63 102 52 154 155 140 82 98 125 65 44 88 43 36 73 74 121 136 135 141 111 126 70 150 91 45 10 28 62 54 22 34 72 148 92 157 156 105 83 71 97 164 165 108 119 18 5 86 87 76 55 7 21 100 129 163 120 106 134 27 59 99 50 49 96 133 161 137 78 46 29 30 9 115 116 103 104 23 13 3 33 128 93 107 38 77 95 113 42 16 81 127 12 32 149 167 158 138 31 0 17 61 114 143 132 56 4 6 51 152 153 122 66 57 24 124 68 60 26 41 58 48 69 139 79 47 19 1 2 142 37 8 11 110 159 85 123 94 84 40 80 109 25 67 160 14 15 20 39
118 146 147 98 125 65 126 70 150 91 45 151 111 97 164 165 108 119 64 145 166 71 49 96 133 161 137 78 46 89 90 117 112 99 50 12 32 149 103 167 158 138 107 31 29 44 88 144 140 82 81 127 21 6 48 69 124 132 139 79 136 120 47 19 10 28 131 162 135 141 41 58 51 33 34 11 68 104 87 143 159 109 25 57 157 154 66 67 30 18 5 43 53 101 156 105 83 59 26 80 72 7 20 94 95 56 76 102 62 160 152 39 14 106 121 92 93 0 9 63 75 35 130 155 134 27 40 110 100 73 13 3 123 84 77 37 36 86 116 142 24 38 148 122 1 2 16 17 52 113 42 15 128 129 22 23 55 54 115 153 163 85 4 74 60 61 8 114
119 46 91 31 29 108 47 19 45 137 78 66 67 30 64 65 158 138 107 92 93 20 0 18 89 90 165 167 79 136 120 121 122 32 11 1 2 44 88 118 147 150 139 25 57 157 154 148 85 123 48 49 3 4 5 10 28 117 146 164 159 109 39 14 106 156 129 163 114 60 68 69 12 6 7 8 9 43 144 145 98 125 133 161 160 152 58 40 24 38 77 155 74 100 142 115 84 94 95 96 21 13 15 16 17 62 63 131 162 126 70 149 103 116 110 80 81 37 105 130 101 52 128 153 61 113 124 97 33 34 22 23 26 27 86 87 53 166 151 111 132 143 127 41 55 56 134 135 73 42 141 104 50 51 35 36 102 75 112 71 99 59 54 72 83 140 76 82
120 119 107 46 91 136 31 29 108 157 154 47 19 45 137 78 106 156 121 66 67 30 64 65 158 138 38 77 155 148 92 93 20 0 18 89 90 165 167 79 57 24 105 162 130 129 163 122 32 11 1 2 44 88 118 147 150 139 25 37 134 135 166 144 74 100 85 123 48 49 3 4 5 10 28 117 146 164 159 109 39 14 55 56 95 113 112 151 131 101 52 128 114 60 68 69 12 6 7 8 9 43 145 98 125 133 161 160 152 58 40 23 54 124 141 140 82 53 73 153 142 115 84 94 96 21 13 15 16 17 62 63 126 70 149 103 116 110 80 81 76 104 83 111 75 35 34 72 61 97 33 22 26 27 86 87 132 143 127 41 59 71 102 42 50 51 36 99
121 148 92 129 163 120 74 100 93 119 107 101 52 128 122 66 46 91 136 130 131 73 152 153 85 123 31 29 108 157 154 155 53 34 72 110 159 114 60 67 47 19 45 137 78 106 156 162 75 35 7 21 127 80 160 142 115 84 20 30 64 65 158 138 38 77 166 144 63 102 13 3 33 51 99 109 116 61 113 94 32 11 0 18 89 90 165 167 79 57 24 105 112 151 88 43 36 22 23 6 50 81 139 143 86 17 42 141 134 48 49 1 2 44 118 147 150 25 37 135 140 82 145 117 62 54 4 12 70 71 41 58 161 132 28 9 83 95 68 69 5 10 146 164 39 14 55 56 111 87 76 8 97 98 59 26 16 27 124 96 125 133 40 126 103 104 15 149
122 85 123 114 60 67 142 115 84 20 47 153 160 61 113 94 32 11 66 163 128 116 17 42 141 134 48 49 19 92 93 148 152 143 86 28 9 83 140 95 68 69 12 30 31 120 121 129 110 159 161 132 43 44 16 27 59 135 124 96 21 6 0 18 119 107 74 100 127 80 167 164 87 62 63 10 26 82 156 105 104 149 125 97 33 34 1 2 29 46 91 136 101 52 51 99 109 139 158 133 102 88 5 40 41 111 112 155 157 56 76 150 146 50 7 3 4 45 108 154 130 131 73 72 81 138 165 103 36 75 117 89 15 39 71 126 162 106 77 37 98 70 13 8 64 65 137 78 53 58 79 147 54 22 144 145 151 166 38 55 23 14 90 35 25 57 118 24
123 67 122 20 47 85 32 11 66 114 60 48 49 19 92 93 142 115 84 68 69 12 30 31 120 121 153 160 61 113 94 95 96 21 6 0 18 119 107 148 163 128 116 17 42 141 134 124 125 97 33 34 1 2 29 46 91 136 129 152 143 86 28 9 83 140 104 149 150 146 50 51 7 3 4 5 45 108 157 154 74 100 110 159 161 132 43 44 16 27 59 135 56 76 164 165 98 70 71 72 13 8 10 64 65 137 78 106 156 101 52 127 80 167 87 62 63 26 82 105 77 37 103 133 147 126 99 73 22 23 14 15 89 90 158 138 38 155 130 131 109 139 102 88 40 41 111 112 55 118 151 81 35 36 24 25 79 57 162 53 75 117 39 54 145 166 58 144
124 104 149 56 76 69 77 37 103 96 48 105 106 55 132 133 125 97 68 134 135 38 23 54 87 143 150 146 49 94 95 113 156 57 24 4 13 102 62 161 164 165 98 12 32 123 84 141 155 157 78 79 8 1 22 36 75 86 167 147 126 70 21 6 67 122 83 140 162 130 107 108 25 14 15 3 35 63 115 116 139 158 65 118 151 111 33 34 11 20 47 85 27 59 166 144 154 136 120 137 39 2 7 52 53 88 43 61 114 159 109 91 45 145 71 50 51 19 66 60 42 16 82 112 131 121 119 138 58 40 5 0 73 74 117 89 17 142 160 152 64 90 99 72 30 31 92 93 26 101 148 46 80 81 9 10 44 28 153 110 127 100 18 41 129 163 29 128
125 150 146 164 165 98 133 161 147 126 70 149 103 167 65 118 151 111 97 69 124 132 139 158 91 45 145 166 71 49 96 48 104 87 143 159 109 108 119 64 90 117 112 99 50 12 32 68 56 76 102 62 160 152 138 137 78 46 89 144 140 82 81 127 21 6 94 95 77 37 36 75 86 116 142 110 79 107 31 29 44 88 131 162 135 141 41 58 51 33 34 11 123 84 105 106 55 54 22 63 115 153 80 25 57 136 120 47 19 10 28 53 101 156 83 59 26 72 7 20 67 122 113 134 38 23 35 43 61 114 163 128 39 14 157 154 66 30 18 5 130 155 27 40 100 73 13 3 85 24 4 52 17 42 93 148 121 92 0 9 16 15 129 60 8 1 74 2
126 151 111 145 166 71 90 117 112 99 50 118 64 144 140 82 81 127 70 146 147 89 131 162 135 141 41 58 51 97 98 125 65 44 88 53 101 156 105 83 59 26 80 72 33 49 96 150 91 45 10 28 75 35 130 155 157 134 27 40 109 110 100 73 12 32 164 165 108 119 18 5 43 63 102 52 154 106 95 113 42 16 15 39 138 139 128 129 34 21 6 48 133 161 137 78 46 29 30 9 62 36 74 121 136 38 77 124 68 60 61 2 8 79 159 152 153 7 11 69 149 103 167 158 107 31 0 17 86 87 54 22 148 92 57 24 104 94 84 85 14 25 160 163 13 3 19 20 132 120 47 1 115 116 76 55 37 56 123 114 142 93 23 143 66 67 4 122
127 51 99 72 33 81 100 73 50 41 58 128 129 34 70 71 59 26 80 152 153 74 7 21 97 98 82 83 40 109 110 159 163 101 52 13 3 49 96 126 111 112 27 15 39 138 139 160 93 148 130 131 22 23 6 12 32 125 151 140 42 16 2 8 79 137 116 142 122 66 154 155 53 35 36 4 11 48 150 146 145 166 135 141 60 61 5 0 14 25 57 158 143 86 85 123 92 121 136 162 75 54 1 19 20 68 69 164 165 90 117 156 105 84 17 9 10 24 78 167 161 132 115 114 67 120 157 144 63 102 76 55 30 31 94 95 133 147 118 64 134 113 28 18 37 38 107 108 87 47 119 106 88 43 103 104 124 149 65 89 44 29 56 62 46 91 77 45
128 152 153 110 159 163 127 80 160 93 148 51 99 109 116 142 122 66 129 72 33 81 138 139 143 86 85 123 92 74 100 73 50 41 58 79 137 161 132 115 114 60 67 120 121 101 52 34 70 71 59 26 25 57 158 167 164 87 61 84 20 47 119 107 130 131 7 21 97 98 82 83 40 39 14 78 165 133 102 62 17 42 113 94 32 11 46 91 136 154 155 53 13 3 49 96 126 111 112 27 15 24 108 147 150 149 103 36 75 28 9 141 134 48 19 31 29 157 162 35 22 23 6 12 125 151 140 16 2 8 37 38 65 118 69 124 54 63 43 44 95 68 30 45 106 156 166 144 4 146 145 135 5 0 55 56 104 76 88 10 18 64 77 1 90 117 105 89
129 74 100 101 52 128 130 131 73 152 153 154 155 53 34 72 110 159 163 121 136 162 75 35 7 21 127 80 160 93 148 92 157 166 144 63 102 13 3 33 51 99 109 116 142 122 66 120 106 156 112 151 88 43 36 22 23 6 50 81 138 139 143 86 85 123 119 107 38 77 140 82 145 117 89 62 54 4 11 12 70 71 41 58 79 137 161 132 115 114 60 67 46 91 57 24 105 135 141 111 90 44 87 76 55 8 1 19 20 97 98 59 26 25 158 167 164 61 84 47 31 29 108 78 37 134 83 126 118 64 10 28 103 104 14 15 30 32 49 96 40 39 165 133 17 42 113 94 45 56 95 27 146 147 18 5 2 0 48 125 150 149 9 65 124 68 16 69
130 154 155 121 136 162 148 92 157 166 144 129 163 120 106 156 112 151 131 74 100 93 119 107 38 77 140 82 145 53 101 52 128 122 66 46 91 57 24 105 135 141 111 90 117 75 35 73 152 153 85 123 31 29 108 78 79 37 134 83 71 126 118 64 63 102 34 72 110 159 114 60 67 47 19 45 137 25 55 56 95 113 27 59 99 50 146 147 89 88 43 36 7 21 127 80 160 142 115 84 20 30 65 158 138 39 14 23 54 124 68 42 16 81 70 98 125 44 62 22 13 3 33 51 109 116 61 94 32 11 0 18 165 167 58 40 4 76 104 149 26 41 97 150 10 28 86 87 6 139 143 17 48 49 1 2 15 8 103 69 96 164 5 12 161 132 9 133
131 53 101 75 35 130 63 102 52 154 155 88 43 36 73 74 121 136 162 117 89 62 54 22 34 72 148 92 157 166 144 145 44 86 87 76 55 7 21 100 129 163 120 106 156 112 151 90 10 28 115 116 103 104 23 13 3 33 128 93 119 107 38 77 140 82 118 64 18 5 61 114 143 132 133 56 4 6 50 51 152 153 122 66 46 91 57 24 105 135 141 111 146 147 29 30 9 17 42 142 161 149 37 8 1 11 12 70 71 110 159 85 123 31 108 78 79 134 83 126 98 125 65 45 0 16 60 160 167 164 69 124 14 15 19 20 97 99 127 80 67 47 137 25 95 113 27 59 150 2 26 84 139 158 96 48 32 49 81 109 138 39 68 165 40 41 94 58
132 87 143 102 62 161 36 75 86 167 164 54 22 63 115 116 139 158 133 76 55 35 88 43 61 114 159 109 165 149 103 104 23 52 53 117 89 17 42 142 160 152 138 147 150 69 124 56 4 13 73 74 144 145 44 28 9 60 153 110 79 137 65 118 96 48 77 37 8 1 34 72 101 131 162 90 10 16 84 85 163 128 127 80 25 57 91 45 146 125 97 68 105 106 14 15 3 7 21 100 130 166 64 18 5 26 27 113 94 93 148 51 99 39 78 108 119 98 49 95 134 135 38 24 2 6 33 129 154 155 112 151 29 30 40 41 141 123 122 66 81 58 107 46 126 70 12 32 156 0 11 50 121 136 140 82 59 83 67 92 120 31 111 157 19 20 71 47
133 149 103 69 124 132 96 48 104 87 143 125 97 68 56 76 102 62 161 150 146 49 94 95 77 37 36 75 86 167 164 165 98 12 32 123 84 105 106 55 54 22 63 115 116 139 158 147 126 70 21 6 67 122 113 134 135 38 23 35 88 43 61 114 159 109 65 118 151 111 33 34 11 20 47 85 141 156 57 24 4 13 52 53 117 89 17 42 142 160 152 138 91 45 145 166 71 50 51 7 19 66 60 83 140 155 157 78 79 8 1 73 74 144 44 28 9 153 110 137 108 119 64 90 112 99 72 3 30 31 92 93 27 59 162 130 107 25 14 15 101 131 10 16 163 128 127 80 46 82 81 100 0 18 120 121 154 136 39 2 5 26 148 29 41 58 129 40
134 95 113 124 68 141 104 149 94 83 140 56 76 69 123 84 27 59 135 77 37 103 96 48 67 122 42 16 82 156 105 106 55 132 133 125 97 20 47 85 60 61 26 111 112 155 157 38 23 54 87 143 150 146 49 32 11 66 114 17 40 41 71 126 162 130 57 24 4 13 102 62 161 164 165 98 12 19 92 93 142 115 28 9 15 39 99 50 151 166 144 154 78 79 8 1 22 36 75 86 167 147 70 21 6 30 31 120 121 153 160 43 44 2 58 81 127 145 131 136 107 108 25 14 3 35 63 116 139 158 65 118 33 34 0 18 119 148 163 128 10 5 80 51 90 117 53 101 137 7 52 88 159 109 91 45 29 46 129 152 110 72 64 138 73 74 89 100
135 156 105 155 157 134 162 130 106 95 113 166 144 154 38 77 124 68 141 112 151 131 121 136 57 24 104 149 94 83 140 82 145 53 101 148 92 78 79 37 56 76 69 123 84 27 59 111 90 117 75 35 129 163 120 107 108 25 55 103 96 48 67 122 42 16 71 126 118 64 63 102 52 74 100 93 119 137 39 14 23 54 132 133 125 97 20 47 85 60 61 26 99 50 146 147 89 88 43 36 73 128 66 46 91 158 138 58 40 4 13 87 143 150 49 32 11 114 17 41 81 127 70 98 65 44 62 22 34 72 152 153 31 29 165 167 80 15 8 1 161 164 12 19 142 115 28 9 51 45 10 86 7 21 110 159 139 109 2 3 6 30 160 33 18 5 116 0
136 157 154 106 156 121 38 77 155 148 92 57 24 105 162 130 129 163 120 78 79 37 134 135 166 144 74 100 93 119 107 108 25 55 56 95 113 112 151 131 101 52 128 122 66 46 91 137 39 14 23 54 124 68 141 140 82 145 53 73 152 153 85 123 31 29 158 138 58 40 4 13 76 104 149 94 83 111 90 117 75 35 34 72 110 159 114 60 67 47 19 45 165 167 80 81 15 8 1 22 103 69 84 27 59 71 126 118 64 63 102 7 21 127 160 142 115 20 30 65 147 150 139 109 41 2 3 36 132 133 96 48 42 16 99 50 146 89 88 43 33 51 116 61 32 11 0 18 164 26 5 6 87 143 125 97 70 98 44 62 86 17 49 161 9 10 12 28
137 158 138 165 167 79 147 150 139 25 57 65 118 164 159 109 39 14 78 91 45 146 133 161 160 152 58 40 24 107 108 119 64 98 125 149 103 116 142 110 80 81 15 37 38 136 120 46 89 90 126 70 69 124 132 143 86 153 127 41 2 8 55 56 157 154 31 29 44 88 151 111 97 96 48 104 87 115 163 128 51 99 59 26 5 0 23 54 77 106 156 121 47 19 10 28 117 145 166 71 49 68 76 102 62 61 114 93 148 72 33 82 83 9 1 4 13 105 155 92 66 67 30 18 43 144 112 50 12 32 94 95 36 75 17 42 122 129 100 73 27 16 3 22 134 135 162 130 20 63 131 140 21 6 123 84 60 85 74 34 7 35 113 11 53 101 141 52
138 79 137 25 57 158 39 14 78 165 167 58 40 24 107 108 147 150 139 80 81 15 37 38 136 120 65 118 164 159 109 110 41 2 8 55 56 157 154 119 91 45 146 133 161 160 152 127 59 26 5 0 23 54 77 106 156 121 46 64 98 125 149 103 116 142 51 99 82 83 9 10 1 4 13 76 105 155 148 92 31 29 89 90 126 70 69 124 132 143 86 153 72 33 111 112 27 16 17 18 3 22 104 134 135 162 130 129 163 47 19 44 88 151 97 96 48 87 115 128 100 73 50 71 140 42 28 30 6 7 35 36 95 113 166 144 74 93 66 67 117 145 49 68 102 62 61 114 34 141 60 43 11 12 52 53 131 101 122 20 32 94 75 21 84 85 63 123
139 159 109 160 152 138 116 142 110 79 137 143 86 153 127 80 25 57 158 161 132 115 163 128 51 99 39 14 78 165 167 164 87 61 114 93 148 72 33 81 58 40 24 107 108 147 150 133 102 62 17 42 122 66 129 100 73 50 41 15 37 38 136 120 65 118 149 103 36 75 28 9 60 85 123 92 74 34 70 71 59 26 2 8 55 56 157 154 119 91 45 146 69 124 54 22 63 43 44 16 84 67 121 101 52 7 21 97 98 82 83 5 0 23 77 106 156 46 64 125 96 48 104 76 35 88 10 27 113 94 20 47 130 131 13 3 49 126 111 112 1 4 105 155 31 29 89 90 68 53 117 18 141 134 32 11 6 12 151 140 135 162 19 95 144 145 30 166
140 135 141 156 105 83 155 157 134 27 59 162 130 106 95 113 42 16 82 166 144 154 38 77 124 68 60 61 26 111 112 151 131 121 136 57 24 104 149 94 84 85 17 40 41 71 126 145 53 101 148 92 78 79 37 56 76 69 123 114 28 9 15 39 99 50 90 117 75 35 129 163 120 107 108 25 55 103 96 48 67 122 142 115 43 44 2 8 58 81 127 70 118 64 63 102 52 74 100 93 119 137 14 23 54 132 133 125 97 20 47 153 160 62 10 5 0 80 51 98 146 147 89 88 36 73 128 66 46 91 158 138 4 13 87 143 150 49 32 11 116 86 18 1 109 110 72 33 65 22 34 152 31 29 165 167 161 164 12 19 30 3 139 45 7 21 159 6
141 83 140 27 59 135 42 16 82 156 105 60 61 26 111 112 155 157 134 84 85 17 40 41 71 126 162 130 106 95 113 94 114 28 9 15 39 99 50 151 166 144 154 38 77 124 68 123 142 115 43 44 2 8 58 81 127 70 145 131 121 136 57 24 104 149 67 122 153 160 62 63 10 5 0 14 80 51 97 98 90 117 53 101 148 92 78 79 37 56 76 69 20 47 163 128 116 86 87 88 18 1 25 109 110 72 33 49 96 118 64 75 35 129 120 107 108 55 103 48 32 11 66 93 152 143 102 89 29 30 3 4 138 139 100 73 12 125 146 147 52 74 119 137 23 54 132 133 19 159 161 36 45 46 6 7 34 21 150 65 91 158 13 31 167 164 22 165
142 153 160 163 128 116 93 148 152 143 86 122 66 129 110 159 161 132 115 85 123 92 74 100 127 80 167 164 87 61 114 60 67 120 121 101 52 51 99 109 139 158 133 102 62 17 42 84 20 47 119 107 130 131 73 72 33 81 138 165 149 103 36 75 28 9 113 94 32 11 46 91 136 154 155 53 34 50 41 58 79 137 147 150 69 124 54 22 63 43 44 16 141 134 48 49 19 31 29 108 157 162 35 7 21 70 71 59 26 25 57 65 118 96 104 76 55 88 10 27 83 140 95 68 12 30 45 78 106 156 166 144 13 3 97 98 82 40 39 14 146 125 56 23 117 89 18 5 135 6 0 64 38 77 112 151 126 111 15 24 37 4 145 105 1 2 90 8
143 161 132 167 164 87 139 158 133 102 62 159 109 165 149 103 36 75 86 160 152 138 147 150 69 124 54 22 63 115 116 142 110 79 137 65 118 96 48 104 76 55 35 88 43 61 114 153 127 80 25 57 91 45 146 125 97 68 56 23 52 53 117 89 17 42 163 128 51 99 39 14 78 108 119 64 98 49 94 95 77 37 4 13 73 74 144 145 44 28 9 60 93 148 72 33 81 58 40 24 107 46 90 126 70 12 32 123 84 105 106 8 1 34 101 131 162 10 16 85 122 66 129 100 50 41 15 38 136 120 31 29 151 111 21 6 67 113 134 135 3 7 130 166 18 5 26 27 92 71 59 2 157 154 47 19 11 20 141 156 155 112 30 121 82 83 0 140
144 131 162 53 101 166 75 35 130 112 151 63 102 52 154 155 140 82 145 88 43 36 73 74 121 136 135 141 111 90 117 89 62 54 22 34 72 148 92 157 156 105 83 71 126 118 64 44 86 87 76 55 7 21 100 129 163 120 106 134 27 59 99 50 146 147 10 28 115 116 103 104 23 13 3 33 128 93 119 107 38 77 95 113 42 16 81 127 70 98 125 65 18 5 61 114 143 132 133 56 4 6 51 152 153 122 66 46 91 57 24 124 68 60 26 41 58 97 150 45 29 30 9 17 142 161 149 37 8 1 11 12 110 159 85 123 31 108 78 79 94 84 40 80 49 96 164 165 0 160 167 69 14 15 19 20 67 47 137 25 39 109 32 2 139 158 48 138
145 90 117 118 64 144 146 147 89 131 162 98 125 65 44 88 53 101 166 126 70 150 91 45 10 28 75 35 130 112 151 111 97 164 165 108 119 18 5 43 63 102 52 154 155 140 82 71 49 96 133 161 137 78 46 29 30 9 62 36 73 74 121 136 135 141 99 50 12 32 149 103 167 158 138 107 31 0 16 17 86 87 54 22 34 72 148 92 157 156 105 83 81 127 21 6 48 69 124 132 139 79 120 47 19 1 2 26 27 115 116 76 55 7 100 129 163 106 134 59 41 58 51 33 11 68 104 143 159 109 25 57 66 67 3 4 40 42 61 114 23 13 128 93 38 77 95 113 80 20 94 56 160 152 39 14 8 15 60 142 153 122 24 110 123 84 37 85
146 98 125 126 70 150 151 111 97 164 165 145 166 71 49 96 133 161 147 90 117 112 99 50 12 32 149 103 167 65 118 64 144 140 82 81 127 21 6 48 69 124 132 139 158 91 45 89 131 162 135 141 41 58 51 33 34 11 68 104 87 143 159 109 108 119 44 88 53 101 156 105 83 59 26 80 72 7 19 20 94 95 56 76 102 62 160 152 138 137 78 46 10 28 75 35 130 155 157 134 27 40 110 100 73 13 3 30 31 123 84 77 37 36 86 116 142 79 107 29 18 5 43 63 52 154 106 113 42 16 15 39 128 129 22 23 0 47 67 122 55 54 115 153 25 57 136 120 9 74 121 38 60 61 2 8 4 1 66 85 114 163 14 17 148 92 24 93
147 65 118 91 45 146 108 119 64 98 125 137 78 46 89 90 126 70 150 158 138 107 31 29 44 88 151 111 97 164 165 167 79 136 120 47 19 10 28 117 145 166 71 49 96 133 161 139 25 57 157 154 66 67 30 18 5 43 144 112 99 50 12 32 149 103 159 109 39 14 106 156 121 92 93 20 0 9 62 63 131 162 140 82 81 127 21 6 48 69 124 132 160 152 58 40 24 38 77 155 148 122 11 1 2 16 17 86 87 53 101 135 141 41 51 33 34 68 104 143 116 142 110 80 15 37 105 130 129 163 85 123 3 4 26 27 115 102 75 35 83 59 72 7 94 95 56 76 153 8 55 134 74 100 114 60 42 61 36 52 73 13 84 128 23 54 113 22
148 129 163 74 100 93 101 52 128 122 66 130 131 73 152 153 85 123 92 154 155 53 34 72 110 159 114 60 67 120 121 136 162 75 35 7 21 127 80 160 142 115 84 20 47 119 107 157 166 144 63 102 13 3 33 51 99 109 116 61 113 94 32 11 46 91 106 156 112 151 88 43 36 22 23 6 50 81 138 139 143 86 17 42 141 134 48 49 19 31 29 108 38 77 140 82 145 117 89 62 54 4 12 70 71 41 58 79 137 161 132 28 9 83 95 68 69 30 45 78 57 24 105 135 111 90 44 87 76 55 8 1 97 98 59 26 25 158 167 164 16 27 124 96 0 18 64 65 37 126 118 10 103 104 14 15 40 39 165 133 149 125 2 56 146 147 5 150
149 69 124 96 48 104 125 97 68 56 76 150 146 49 94 95 77 37 103 164 165 98 12 32 123 84 105 106 55 132 133 161 147 126 70 21 6 67 122 113 134 135 38 23 54 87 143 167 65 118 151 111 33 34 11 20 47 85 141 156 57 24 4 13 102 62 139 158 91 45 145 166 71 50 51 7 19 66 114 60 83 140 155 157 78 79 8 1 22 36 75 86 159 109 108 119 64 90 117 112 99 72 3 30 31 92 93 142 115 27 59 162 130 107 25 14 15 35 63 116 160 152 138 137 46 89 144 82 81 127 100 73 0 18 120 121 153 61 42 16 154 136 39 2 52 53 88 43 110 29 44 131 41 58 128 129 148 163 17 26 40 5 74 80 10 28 101 9
150 164 165 133 161 147 149 103 167 65 118 69 124 132 139 158 91 45 146 96 48 104 87 143 159 109 108 119 64 98 125 97 68 56 76 102 62 160 152 138 137 78 46 89 90 126 70 49 94 95 77 37 36 75 86 116 142 110 79 107 31 29 44 88 151 111 12 32 123 84 105 106 55 54 22 63 115 153 127 80 25 57 136 120 47 19 10 28 117 145 166 71 21 6 67 122 113 134 135 38 23 35 43 61 114 163 128 51 99 39 14 157 154 66 30 18 5 144 112 50 33 34 11 20 85 141 156 24 4 13 52 53 17 42 93 148 72 81 58 40 121 92 0 9 131 162 140 82 7 60 83 155 8 1 73 74 129 100 41 15 2 16 101 3 27 59 130 26
151 145 166 90 117 112 118 64 144 140 82 146 147 89 131 162 135 141 111 98 125 65 44 88 53 101 156 105 83 71 126 70 150 91 45 10 28 75 35 130 155 157 134 27 59 99 50 97 164 165 108 119 18 5 43 63 102 52 154 106 95 113 42 16 81 127 49 96 133 161 137 78 46 29 30 9 62 36 73 74 121 136 38 77 124 68 60 61 26 41 58 51 12 32 149 103 167 158 138 107 31 0 17 86 87 54 22 34 72 148 92 57 24 104 94 84 85 40 80 33 21 6 48 69 132 139 79 120 47 19 1 2 115 116 76 55 7 100 129 163 37 56 123 114 15 39 109 110 11 143 159 25 66 67 3 4 23 13 128 93 122 142 8 20 160 152 14 153
152 110 159 127 80 160 51 99 109 116 142 72 33 81 138 139 143 86 153 100 73 50 41 58 79 137 161 132 115 163 128 129 34 70 71 59 26 25 57 158 167 164 87 61 114 93 148 74 7 21 97 98 82 83 40 39 14 78 165 133 102 62 17 42 122 66 101 52 13 3 49 96 126 111 112 27 15 24 107 108 147 150 149 103 36 75 28 9 60 85 123 92 130 131 22 23 6 12 32 125 151 140 16 2 8 37 38 136 120 65 118 69 124 54 63 43 44 84 67 121 154 155 53 35 4 11 48 146 145 166 135 141 5 0 55 56 157 119 91 45 104 76 88 10 113 94 20 47 162 1 19 68 90 117 156 105 77 106 46 64 89 18 134 144 30 31 95 29
153 163 128 93 148 152 122 66 129 110 159 85 123 92 74 100 127 80 160 114 60 67 120 121 101 52 51 99 109 116 142 115 84 20 47 119 107 130 131 73 72 33 81 138 139 143 86 61 113 94 32 11 46 91 136 154 155 53 34 50 41 58 79 137 161 132 17 42 141 134 48 49 19 31 29 108 157 162 75 35 7 21 70 71 59 26 25 57 158 167 164 87 28 9 83 140 95 68 69 12 30 45 78 106 156 166 144 63 102 13 3 97 98 82 40 39 14 165 133 62 43 44 16 27 135 124 96 6 0 18 64 65 38 77 112 151 88 36 22 23 126 111 15 24 147 150 149 103 10 105 104 125 1 2 89 90 145 117 54 4 8 37 118 5 56 76 146 55
154 121 136 148 92 157 129 163 120 106 156 74 100 93 119 107 38 77 155 101 52 128 122 66 46 91 57 24 105 162 130 131 73 152 153 85 123 31 29 108 78 79 37 134 135 166 144 53 34 72 110 159 114 60 67 47 19 45 137 25 55 56 95 113 112 151 75 35 7 21 127 80 160 142 115 84 20 30 64 65 158 138 39 14 23 54 124 68 141 140 82 145 63 102 13 3 33 51 99 109 116 61 94 32 11 0 18 89 90 165 167 58 40 4 76 104 149 83 111 117 88 43 36 22 6 50 81 139 143 86 17 42 48 49 1 2 44 118 147 150 15 8 103 69 27 59 71 126 62 12 70 41 161 132 28 9 5 10 146 164 133 96 16 87 97 98 26 125
155 162 130 166 144 154 112 151 131 121 136 140 82 145 53 101 148 92 157 135 141 111 90 117 75 35 129 163 120 106 156 105 83 71 126 118 64 63 102 52 74 100 93 119 107 38 77 134 27 59 99 50 146 147 89 88 43 36 73 128 122 66 46 91 57 24 95 113 42 16 81 127 70 98 125 65 44 62 54 22 34 72 152 153 85 123 31 29 108 78 79 37 124 68 60 61 26 41 58 51 97 150 45 10 28 86 87 76 55 7 21 110 159 114 67 47 19 137 25 56 104 149 94 84 17 40 80 33 49 96 164 165 18 5 115 116 103 23 13 3 160 142 20 30 158 138 39 14 69 9 15 109 12 32 133 161 143 132 4 6 11 0 167 48 2 8 139 1
156 155 157 162 130 106 166 144 154 38 77 112 151 131 121 136 57 24 105 140 82 145 53 101 148 92 78 79 37 134 135 141 111 90 117 75 35 129 163 120 107 108 25 55 56 95 113 83 71 126 118 64 63 102 52 74 100 93 119 137 39 14 23 54 124 68 27 59 99 50 146 147 89 88 43 36 73 128 122 66 46 91 158 138 58 40 4 13 76 104 149 94 42 16 81 127 70 98 125 65 44 62 22 34 72 152 153 85 123 31 29 165 167 80 15 8 1 103 69 84 60 61 26 41 51 97 150 45 10 28 86 87 7 21 110 159 114 67 47 19 139 109 2 3 132 133 96 48 17 33 49 164 18 5 115 116 160 142 20 30 0 6 143 9 12 32 161 11
157 106 156 38 77 155 57 24 105 162 130 78 79 37 134 135 166 144 154 107 108 25 55 56 95 113 112 151 131 121 136 120 137 39 14 23 54 124 68 141 140 82 145 53 101 148 92 119 158 138 58 40 4 13 76 104 149 94 83 111 90 117 75 35 129 163 46 91 165 167 80 81 15 8 1 22 103 69 123 84 27 59 71 126 118 64 63 102 52 74 100 93 31 29 147 150 139 109 110 41 2 3 36 132 133 96 48 67 122 42 16 99 50 146 89 88 43 73 128 66 47 19 45 65 164 159 127 26 5 0 6 7 87 143 125 97 20 85 60 61 70 98 44 62 34 72 152 153 30 161 160 51 9 10 11 12 49 32 114 17 28 86 21 18 116 142 33 115
158 165 167 147 150 139 65 118 164 159 109 91 45 146 133 161 160 152 138 108 119 64 98 125 149 103 116 142 110 79 137 78 46 89 90 126 70 69 124 132 143 86 153 127 80 25 57 107 31 29 44 88 151 111 97 96 48 104 87 115 163 128 51 99 39 14 136 120 47 19 10 28 117 145 166 71 49 68 56 76 102 62 61 114 93 148 72 33 81 58 40 24 157 154 66 67 30 18 5 43 144 112 50 12 32 94 95 77 37 36 75 17 42 122 129 100 73 41 15 38 106 156 121 92 20 0 9 63 131 162 140 82 21 6 123 84 105 55 54 22 60 85 74 34 59 26 2 8 155 11 1 16 53 101 135 141 113 134 23 35 52 7 83 130 3 4 27 13
159 160 152 116 142 110 143 86 153 127 80 161 132 115 163 128 51 99 109 167 164 87 61 114 93 148 72 33 81 138 139 158 133 102 62 17 42 122 66 129 100 73 50 41 58 79 137 165 149 103 36 75 28 9 60 85 123 92 74 34 70 71 59 26 25 57 147 150 69 124 54 22 63 43 44 16 84 67 120 121 101 52 7 21 97 98 82 83 40 39 14 78 65 118 96 48 104 76 55 35 88 10 27 113 94 20 47 119 107 130 131 13 3 49 126 111 112 15 24 108 91 45 146 125 68 56 23 53 117 89 18 5 141 134 32 11 46 136 154 155 6 12 151 140 2 8 37 38 64 95 77 4 144 145 29 30 19 31 157 162 166 135 0 90 105 106 1 156
160 116 142 143 86 153 161 132 115 163 128 167 164 87 61 114 93 148 152 139 158 133 102 62 17 42 122 66 129 110 159 109 165 149 103 36 75 28 9 60 85 123 92 74 100 127 80 138 147 150 69 124 54 22 63 43 44 16 84 67 120 121 101 52 51 99 79 137 65 118 96 48 104 76 55 35 88 10 26 27 113 94 20 47 119 107 130 131 73 72 33 81 25 57 91 45 146 125 97 68 56 23 53 117 89 18 5 40 41 141 134 32 11 46 136 154 155 34 50 58 39 14 78 108 64 98 49 95 77 37 4 13 144 145 29 30 15 59 83 140 19 31 157 162 7 21 70 71 24 90 126 12 105 106 8 1 0 2 82 135 156 166 3 38 151 111 6 112
161 167 164 139 158 133 159 109 165 149 103 160 152 138 147 150 69 124 132 116 142 110 79 137 65 118 96 48 104 87 143 86 153 127 80 25 57 91 45 146 125 97 68 56 76 102 62 115 163 128 51 99 39 14 78 108 119 64 98 49 94 95 77 37 36 75 61 114 93 148 72 33 81 58 40 24 107 46 89 90 126 70 12 32 123 84 105 106 55 54 22 63 17 42 122 66 129 100 73 50 41 15 38 136 120 31 29 44 88 151 111 21 6 67 113 134 135 23 35 43 28 9 60 85 92 74 34 71 59 26 2 8 157 154 47 19 10 117 145 166 11 20 141 156 4 13 52 53 16 121 101 7 82 83 5 0 30 18 144 112 140 155 1 27 130 131 3 162
162 166 144 112 151 131 140 82 145 53 101 135 141 111 90 117 75 35 130 156 105 83 71 126 118 64 63 102 52 154 155 157 134 27 59 99 50 146 147 89 88 43 36 73 74 121 136 106 95 113 42 16 81 127 70 98 125 65 44 62 54 22 34 72 148 92 38 77 124 68 60 61 26 41 58 51 97 150 91 45 10 28 86 87 76 55 7 21 100 129 163 120 57 24 104 149 94 84 85 17 40 80 33 49 96 164 165 108 119 18 5 115 116 103 23 13 3 128 93 107 78 79 37 56 69 123 114 9 15 39 109 110 12 32 133 161 137 46 29 30 143 132 4 6 152 153 122 66 25 48 67 142 2 8 138 139 167 158 31 0 1 11 159 14 20 47 160 19
163 93 148 122 66 129 85 123 92 74 100 114 60 67 120 121 101 52 128 142 115 84 20 47 119 107 130 131 73 152 153 160 61 113 94 32 11 46 91 136 154 155 53 34 72 110 159 116 17 42 141 134 48 49 19 31 29 108 157 162 75 35 7 21 127 80 143 86 28 9 83 140 95 68 69 12 30 45 137 78 106 156 166 144 63 102 13 3 33 51 99 109 161 132 43 44 16 27 59 135 124 96 6 0 18 64 65 158 138 38 77 112 151 88 36 22 23 50 81 139 167 164 87 62 10 26 82 105 104 149 125 97 1 2 89 90 165 79 57 24 145 117 54 4 70 71 41 58 133 5 40 111 56 76 150 146 118 147 25 37 55 8 98 103 15 39 126 14
164 133 161 149 103 167 69 124 132 139 158 96 48 104 87 143 159 109 165 125 97 68 56 76 102 62 160 152 138 147 150 146 49 94 95 77 37 36 75 86 116 142 110 79 137 65 118 98 12 32 123 84 105 106 55 54 22 63 115 153 127 80 25 57 91 45 126 70 21 6 67 122 113 134 135 38 23 35 88 43 61 114 163 128 51 99 39 14 78 108 119 64 151 111 33 34 11 20 47 85 141 156 24 4 13 52 53 117 89 17 42 93 148 72 81 58 40 107 46 90 145 166 71 50 7 19 66 60 83 140 155 157 8 1 73 74 144 44 28 9 129 100 41 15 136 120 31 29 112 3 30 92 27 59 162 130 101 131 10 16 26 2 154 82 0 18 121 5
165 147 150 65 118 164 91 45 146 133 161 108 119 64 98 125 149 103 167 137 78 46 89 90 126 70 69 124 132 139 158 138 107 31 29 44 88 151 111 97 96 48 104 87 143 159 109 79 136 120 47 19 10 28 117 145 166 71 49 68 56 76 102 62 160 152 25 57 157 154 66 67 30 18 5 43 144 112 99 50 12 32 94 95 77 37 36 75 86 116 142 110 39 14 106 156 121 92 93 20 0 9 63 131 162 140 82 81 127 21 6 123 84 105 55 54 22 115 153 80 58 40 24 38 155 148 122 11 1 2 16 17 53 101 135 141 41 51 33 34 113 134 23 35 61 114 163 128 15 130 129 85 3 4 26 27 83 59 72 7 13 52 42 8 74 100 60 73
166 112 151 140 82 145 135 141 111 90 117 156 105 83 71 126 118 64 144 155 157 134 27 59 99 50 146 147 89 131 162 130 106 95 113 42 16 81 127 70 98 125 65 44 88 53 101 154 38 77 124 68 60 61 26 41 58 51 97 150 91 45 10 28 75 35 121 136 57 24 104 149 94 84 85 17 40 80 72 33 49 96 164 165 108 119 18 5 43 63 102 52 148 92 78 79 37 56 76 69 123 114 9 15 39 109 110 100 73 12 32 133 161 137 46 29 30 62 36 74 129 163 120 107 25 55 103 48 67 122 142 115 2 8 138 139 128 34 21 6 167 158 31 0 86 87 54 22 93 14 23 132 20 47 153 160 159 152 7 11 19 1 116 66 4 13 143 3
167 139 158 159 109 165 160 152 138 147 150 116 142 110 79 137 65 118 164 143 86 153 127 80 25 57 91 45 146 133 161 132 115 163 128 51 99 39 14 78 108 119 64 98 125 149 103 87 61 114 93 148 72 33 81 58 40 24 107 46 89 90 126 70 69 124 102 62 17 42 122 66 129 100 73 50 41 15 37 38 136 120 31 29 44 88 151 111 97 96 48 104 36 75 28 9 60 85 123 92 74 34 71 59 26 2 8 55 56 157 154 47 19 10 117 145 166 49 68 76 54 22 63 43 16 84 67 121 101 52 7 21 82 83 5 0 23 77 106 156 30 18 144 112 12 32 94 95 35 27 113 20 130 131 13 3 1 4 105 155 162 140 6 53 141 134 11 135
