120
0 1 2 3 4 5 6 7 8 9 10 11 12 13 14 15 16 17 18 19 20 21 22 23 24 25 26 27 28 29 30 31 32 33 34 35 36 37 38 39 40 41 42 43 44 45 46 47 48 49 50 51 52 53 54 55 56 57 58 59 60 61 62 63 64 65 66 67 68 69 70 71 72 73 74 75 76 77 78 79 80 81 82 83 84 85 86 87 88 89 90 91 92 93 94 95 96 97 98 99 100 101 102 103 104 105 106 107 108 109 110 111 112 113 114 115 116 117 118 119
1 3 4 6 7 8 11 12 13 14 15 0 19 20 21 22 23 24 25 2 31 32 33 34 35 36 37 38 39 40 26 5 46 47 48 49 50 51 52 53 54 55 56 57 58 59 9 10 66 67 68 69 70 71 72 73 74 75 76 77 78 79 80 81 82 83 16 17 18 30 88 89 90 91 92 93 94 95 84 65 96 97 98 99 100 101 102 103 27 28 29 107 108 109 110 111 112 113 86 61 104 87 64 114 60 115 116 41 42 43 44 45 118 119 85 106 117 105 62 63
2 5 0 9 10 1 16 17 18 3 4 26 27 28 29 30 6 7 8 25 41 42 43 44 45 19 11 12 13 14 15 40 49 60 52 61 62 63 64 65 31 20 21 22 23 24 58 59 71 32 84 73 34 85 77 86 87 74 46 47 33 35 36 37 38 39 81 82 83 92 93 48 104 51 57 105 99 54 94 106 88 66 67 68 50 53 55 56 80 102 103 112 69 70 78 107 117 114 108 76 113 115 89 90 72 75 79 95 98 110 109 116 91 100 97 101 111 96 119 118
3 6 7 11 12 13 0 19 20 21 22 1 2 31 32 33 34 35 36 4 5 46 47 48 49 50 51 52 53 54 37 8 9 10 66 67 68 69 70 71 72 73 74 75 76 77 14 15 16 17 18 30 88 89 90 91 92 93 94 95 84 65 96 97 98 99 23 24 25 26 27 28 29 107 108 109 110 111 100 83 112 113 86 61 104 87 64 114 38 39 40 41 42 43 44 45 118 119 102 79 60 103 82 85 78 106 117 55 56 57 58 59 62 63 101 116 105 115 80 81
4 8 1 14 15 3 23 24 25 6 7 37 38 39 40 26 11 12 13 36 55 56 57 58 59 2 0 19 20 21 22 54 67 78 70 79 80 81 82 83 5 31 32 33 34 35 76 77 89 46 100 91 48 101 95 102 103 92 9 10 47 49 50 51 52 53 97 98 99 108 109 66 60 69 75 115 61 72 110 116 27 16 17 18 68 71 73 74 96 64 114 118 30 88 84 41 105 85 42 94 119 106 28 29 90 93 65 111 86 44 43 117 107 104 113 87 45 112 63 62
5 9 10 16 17 18 26 27 28 29 30 2 25 41 42 43 44 45 19 0 40 49 60 52 61 62 63 64 65 31 11 1 58 59 71 32 84 73 34 85 77 86 87 74 46 47 3 4 81 82 83 92 93 48 104 51 57 105 99 54 94 106 88 66 67 68 6 7 8 15 80 102 103 112 69 70 78 107 50 39 117 114 108 76 113 115 89 90 12 13 14 95 98 110 109 116 91 100 55 35 72 56 38 97 33 101 111 20 21 22 23 24 119 118 53 79 96 75 36 37
6 11 12 0 19 20 1 2 31 32 33 3 4 5 46 47 48 49 50 7 8 9 10 66 67 68 69 70 71 72 51 13 14 15 16 17 18 30 88 89 90 91 92 93 94 95 21 22 23 24 25 26 27 28 29 107 108 109 110 111 100 83 112 113 86 61 34 35 36 37 38 39 40 41 42 43 44 45 104 99 118 119 102 79 60 103 82 85 52 53 54 55 56 57 58 59 62 63 64 65 78 114 98 101 84 116 105 73 74 75 76 77 80 81 87 117 115 106 96 97
7 13 3 21 22 6 34 35 36 11 12 51 52 53 54 37 0 19 20 50 73 74 75 76 77 4 1 2 31 32 33 72 17 84 88 65 96 97 98 99 8 5 46 47 48 49 94 95 28 9 104 107 66 87 111 64 114 108 14 15 10 67 68 69 70 71 113 86 61 42 43 16 78 30 93 106 79 90 44 117 38 23 24 25 18 89 91 92 112 82 85 62 26 27 100 55 115 101 56 110 63 116 39 40 29 109 83 45 102 58 57 105 41 60 119 103 59 118 81 80
8 14 15 23 24 25 37 38 39 40 26 4 36 55 56 57 58 59 2 1 54 67 78 70 79 80 81 82 83 5 0 3 76 77 89 46 100 91 48 101 95 102 103 92 9 10 6 7 97 98 99 108 109 66 60 69 75 115 61 72 110 116 27 16 17 18 11 12 13 22 96 64 114 118 30 88 84 41 68 53 105 85 42 94 119 106 28 29 19 20 21 111 86 44 43 117 107 104 73 49 90 74 52 113 47 87 45 31 32 33 34 35 63 62 71 65 112 93 50 51
9 16 17 26 27 28 2 25 41 42 43 5 0 40 49 60 52 61 62 10 1 58 59 71 32 84 73 34 85 77 63 18 3 4 81 82 83 92 93 48 104 51 57 105 99 54 29 30 6 7 8 15 80 102 103 112 69 70 78 107 50 39 117 114 108 76 44 45 19 11 12 13 14 95 98 110 109 116 113 68 91 100 55 35 72 56 38 97 64 65 31 20 21 22 23 24 119 118 89 106 33 90 67 53 94 79 96 86 87 74 46 47 36 37 115 111 75 101 88 66
10 18 5 29 30 9 44 45 19 16 17 63 64 65 31 11 26 27 28 62 86 87 74 46 47 0 2 25 41 42 43 77 82 94 93 106 88 66 67 68 1 40 49 60 52 61 99 54 102 58 113 112 71 115 107 89 90 69 3 4 59 32 84 73 34 85 114 108 76 98 110 81 33 92 105 101 35 104 109 111 12 6 7 8 83 48 51 57 117 38 97 119 15 80 50 20 75 53 21 78 118 79 13 14 103 70 39 116 55 23 22 96 95 72 100 56 24 91 37 36
11 0 19 1 2 31 3 4 5 46 47 6 7 8 9 10 66 67 68 12 13 14 15 16 17 18 30 88 89 90 69 20 21 22 23 24 25 26 27 28 29 107 108 109 110 111 32 33 34 35 36 37 38 39 40 41 42 43 44 45 104 99 118 119 102 79 48 49 50 51 52 53 54 55 56 57 58 59 60 61 62 63 64 65 78 114 98 101 70 71 72 73 74 75 76 77 80 81 82 83 84 85 86 87 100 117 115 91 92 93 94 95 96 97 103 105 106 116 112 113
12 20 6 32 33 11 48 49 50 0 19 69 70 71 72 51 1 2 31 68 91 92 93 94 95 7 3 4 5 46 47 90 24 100 27 83 112 113 86 61 13 8 9 10 66 67 110 111 39 14 60 41 16 103 45 82 85 42 21 22 15 17 18 30 88 89 119 102 79 56 57 23 84 26 109 116 65 29 58 105 52 34 35 36 25 28 107 108 118 98 101 80 37 38 104 73 106 87 74 44 81 117 53 54 40 43 99 59 64 76 75 115 55 78 63 114 77 62 97 96
13 21 22 34 35 36 51 52 53 54 37 7 50 73 74 75 76 77 4 3 72 17 84 88 65 96 97 98 99 8 1 6 94 95 28 9 104 107 66 87 111 64 114 108 14 15 11 12 113 86 61 42 43 16 78 30 93 106 79 90 44 117 38 23 24 25 0 19 20 33 112 82 85 62 26 27 100 55 18 71 115 101 56 110 63 116 39 40 2 31 32 45 102 58 57 105 41 60 91 67 29 92 70 119 10 103 59 5 46 47 48 49 81 80 89 83 118 109 68 69
14 23 24 37 38 39 4 36 55 56 57 8 1 54 67 78 70 79 80 15 3 76 77 89 46 100 91 48 101 95 81 25 6 7 97 98 99 108 109 66 60 69 75 115 61 72 40 26 11 12 13 22 96 64 114 118 30 88 84 41 68 53 105 85 42 94 58 59 2 0 19 20 21 111 86 44 43 117 119 18 107 104 73 49 90 74 52 113 82 83 5 31 32 33 34 35 63 62 28 116 47 29 17 71 110 65 112 102 103 92 9 10 50 51 106 45 93 87 27 16
15 25 8 40 26 14 58 59 2 23 24 81 82 83 5 0 37 38 39 80 102 103 92 9 10 1 4 36 55 56 57 95 98 110 109 116 27 16 17 18 3 54 67 78 70 79 61 72 64 76 119 118 89 106 41 28 29 30 6 7 77 46 100 91 48 101 85 42 94 86 44 97 47 108 115 87 49 60 43 45 19 11 12 13 99 66 69 75 105 52 113 63 22 96 68 31 93 71 32 84 62 65 20 21 114 88 53 117 73 34 33 112 111 90 104 74 35 107 51 50
16 26 27 2 25 41 5 0 40 49 60 9 10 1 58 59 71 32 84 17 18 3 4 81 82 83 92 93 48 104 73 28 29 30 6 7 8 15 80 102 103 112 69 70 78 107 42 43 44 45 19 11 12 13 14 95 98 110 109 116 113 68 91 100 55 35 52 61 62 63 64 65 31 20 21 22 23 24 72 76 119 118 89 106 33 90 67 53 34 85 77 86 87 74 46 47 36 37 38 39 94 97 108 115 50 111 75 51 57 105 99 54 88 66 56 96 101 79 117 114
17 28 9 42 43 16 52 61 62 26 27 73 34 85 77 63 2 25 41 84 51 57 105 99 54 10 5 0 40 49 60 104 7 50 80 39 117 114 108 76 18 1 58 59 71 32 78 107 13 3 72 95 81 56 116 38 97 98 29 30 4 82 83 92 93 48 100 55 35 21 22 6 94 15 70 79 106 103 23 96 64 44 45 19 8 102 112 69 91 67 53 36 11 12 113 86 101 115 87 109 37 111 65 31 14 110 68 24 89 46 74 75 20 33 118 90 47 119 66 88
18 29 30 44 45 19 63 64 65 31 11 10 62 86 87 74 46 47 0 5 77 82 94 93 106 88 66 67 68 1 2 9 99 54 102 58 113 112 71 115 107 89 90 69 3 4 16 17 114 108 76 98 110 81 33 92 105 101 35 104 109 111 12 6 7 8 26 27 28 43 117 38 97 119 15 80 50 20 83 85 75 53 21 78 118 79 13 14 25 41 42 116 55 23 22 96 95 72 51 32 103 57 34 100 59 56 24 40 49 60 52 61 37 36 48 39 91 70 84 73
19 31 11 46 47 0 66 67 68 1 2 30 88 89 90 69 3 4 5 18 107 108 109 110 111 12 6 7 8 9 10 29 35 104 38 99 118 119 102 79 20 13 14 15 16 17 44 45 53 21 78 55 23 114 59 98 101 56 32 33 22 24 25 26 27 28 63 64 65 74 75 34 100 37 43 117 83 40 76 115 70 48 49 50 36 39 41 42 62 86 87 96 51 52 60 91 116 103 92 58 97 105 71 72 54 57 61 77 82 94 93 106 73 84 81 85 95 80 113 112
20 32 33 48 49 50 69 70 71 72 51 12 68 91 92 93 94 95 7 6 90 24 100 27 83 112 113 86 61 13 3 11 110 111 39 14 60 41 16 103 45 82 85 42 21 22 0 19 119 102 79 56 57 23 84 26 109 116 65 29 58 105 52 34 35 36 1 2 31 47 118 98 101 80 37 38 104 73 25 89 106 87 74 44 81 117 53 54 4 5 46 59 64 76 75 115 55 78 107 17 40 108 88 63 15 114 77 8 9 10 66 67 97 96 28 99 62 43 18 30
21 34 35 51 52 53 7 50 73 74 75 13 3 72 17 84 88 65 96 22 6 94 95 28 9 104 107 66 87 111 97 36 11 12 113 86 61 42 43 16 78 30 93 106 79 90 54 37 0 19 20 33 112 82 85 62 26 27 100 55 18 71 115 101 56 110 76 77 4 1 2 31 32 45 102 58 57 105 63 25 41 60 91 67 29 92 70 119 98 99 8 5 46 47 48 49 81 80 39 117 10 40 24 89 44 83 118 64 114 108 14 15 68 69 116 59 109 103 38 23
22 36 13 54 37 21 76 77 4 34 35 97 98 99 8 1 51 52 53 96 64 114 108 14 15 3 7 50 73 74 75 111 86 44 43 117 38 23 24 25 6 72 17 84 88 65 79 90 82 94 63 62 28 116 55 39 40 26 11 12 95 9 104 107 66 87 101 56 110 102 58 113 10 42 106 103 67 78 57 59 2 0 19 20 61 16 30 93 115 70 119 81 33 112 18 5 109 89 46 100 80 83 31 32 85 27 71 105 91 48 47 118 45 29 60 92 49 41 69 68
23 37 38 4 36 55 8 1 54 67 78 14 15 3 76 77 89 46 100 24 25 6 7 97 98 99 108 109 66 60 91 39 40 26 11 12 13 22 96 64 114 118 30 88 84 41 56 57 58 59 2 0 19 20 21 111 86 44 43 117 119 18 107 104 73 49 70 79 80 81 82 83 5 31 32 33 34 35 90 94 63 62 28 116 47 29 17 71 48 101 95 102 103 92 9 10 50 51 52 53 110 113 42 106 68 45 93 69 75 115 61 72 27 16 74 112 87 65 105 85
24 39 14 56 57 23 70 79 80 37 38 91 48 101 95 81 4 36 55 100 69 75 115 61 72 15 8 1 54 67 78 60 12 68 96 53 105 85 42 94 25 3 76 77 89 46 84 41 20 6 90 111 97 74 117 52 113 86 40 26 7 98 99 108 109 66 104 73 49 32 33 11 110 22 88 65 116 114 34 112 82 58 59 2 13 64 118 30 107 17 71 50 0 19 119 102 87 106 103 43 51 45 83 5 21 44 18 35 28 9 92 93 31 47 62 29 10 63 16 27
25 40 26 58 59 2 81 82 83 5 0 15 80 102 103 92 9 10 1 8 95 98 110 109 116 27 16 17 18 3 4 14 61 72 64 76 119 118 89 106 41 28 29 30 6 7 23 24 85 42 94 86 44 97 47 108 115 87 49 60 43 45 19 11 12 13 37 38 39 57 105 52 113 63 22 96 68 31 99 101 93 71 32 84 62 65 20 21 36 55 56 117 73 34 33 112 111 90 69 46 114 75 48 104 77 74 35 54 67 78 70 79 51 50 66 53 107 88 100 91
26 2 25 5 0 40 9 10 1 58 59 16 17 18 3 4 81 82 83 27 28 29 30 6 7 8 15 80 102 103 92 41 42 43 44 45 19 11 12 13 14 95 98 110 109 116 49 60 52 61 62 63 64 65 31 20 21 22 23 24 72 76 119 118 89 106 71 32 84 73 34 85 77 86 87 74 46 47 33 35 36 37 38 39 94 97 108 115 93 48 104 51 57 105 99 54 88 66 67 68 50 53 55 56 113 96 101 112 69 70 78 107 117 114 90 75 79 111 91 100
27 41 16 49 60 26 71 32 84 2 25 92 93 48 104 73 5 0 40 83 112 69 70 78 107 17 9 10 1 58 59 103 45 113 12 68 91 100 55 35 28 18 3 4 81 82 109 116 65 29 33 20 6 90 24 67 53 21 42 43 30 7 8 15 80 102 118 89 106 87 74 44 50 11 110 111 39 14 46 75 34 52 61 62 19 13 95 98 119 108 115 88 63 64 72 51 79 56 57 23 66 96 85 77 31 22 76 47 38 99 105 101 86 94 37 97 54 36 114 117
28 42 43 52 61 62 73 34 85 77 63 17 84 51 57 105 99 54 10 9 104 7 50 80 39 117 114 108 76 18 5 16 78 107 13 3 72 95 81 56 116 38 97 98 29 30 26 27 100 55 35 21 22 6 94 15 70 79 106 103 23 96 64 44 45 19 2 25 41 60 91 67 53 36 11 12 113 86 8 48 101 115 87 109 37 111 65 31 0 40 49 24 89 46 74 75 20 33 112 82 14 69 93 118 4 90 47 1 58 59 71 32 66 88 102 68 119 110 83 92
29 44 45 63 64 65 10 62 86 87 74 18 5 77 82 94 93 106 88 30 9 99 54 102 58 113 112 71 115 107 66 19 16 17 114 108 76 98 110 81 33 92 105 101 35 104 31 11 26 27 28 43 117 38 97 119 15 80 50 20 83 85 75 53 21 78 46 47 0 2 25 41 42 116 55 23 22 96 118 8 95 72 51 32 103 57 34 100 67 68 1 40 49 60 52 61 37 36 13 111 59 14 7 48 109 39 91 89 90 69 3 4 84 73 79 24 70 56 12 6
30 19 18 31 11 29 46 47 0 44 45 66 67 68 1 2 63 64 65 88 89 90 69 3 4 5 10 62 86 87 74 107 108 109 110 111 12 6 7 8 9 77 82 94 93 106 35 104 38 99 118 119 102 79 20 13 14 15 16 17 54 58 113 112 71 115 53 21 78 55 23 114 59 98 101 56 32 33 22 24 25 26 27 28 76 81 92 105 75 34 100 37 43 117 83 40 70 48 49 50 36 39 41 42 97 80 85 96 51 52 60 91 116 103 72 57 61 95 73 84
31 46 47 66 67 68 30 88 89 90 69 19 18 107 108 109 110 111 12 11 29 35 104 38 99 118 119 102 79 20 6 0 44 45 53 21 78 55 23 114 59 98 101 56 32 33 1 2 63 64 65 74 75 34 100 37 43 117 83 40 76 115 70 48 49 50 3 4 5 10 62 86 87 96 51 52 60 91 36 28 116 103 92 58 97 105 71 72 7 8 9 77 82 94 93 106 73 84 41 24 54 42 27 81 22 85 95 13 14 15 16 17 113 112 39 61 80 57 25 26
32 48 49 69 70 71 12 68 91 92 93 20 6 90 24 100 27 83 112 33 11 110 111 39 14 60 41 16 103 45 113 50 0 19 119 102 79 56 57 23 84 26 109 116 65 29 72 51 1 2 31 47 118 98 101 80 37 38 104 73 25 89 106 87 74 44 94 95 7 3 4 5 46 59 64 76 75 115 81 36 55 78 107 17 40 108 88 63 86 61 13 8 9 10 66 67 97 96 53 105 15 54 35 28 58 99 62 82 85 42 21 22 18 30 117 77 43 114 52 34
33 50 20 72 51 32 94 95 7 48 49 113 86 61 13 3 69 70 71 112 82 85 42 21 22 6 12 68 91 92 93 45 102 58 57 105 52 34 35 36 11 90 24 100 27 83 65 29 98 110 81 80 39 117 73 53 54 37 0 19 111 14 60 41 16 103 87 74 44 64 76 119 15 56 116 114 17 84 75 77 4 1 2 31 79 23 26 109 106 88 63 97 47 118 25 8 43 28 9 104 96 99 5 46 101 38 89 115 107 66 10 62 59 40 78 108 67 55 30 18
34 51 52 7 50 73 13 3 72 17 84 21 22 6 94 95 28 9 104 35 36 11 12 113 86 61 42 43 16 78 107 53 54 37 0 19 20 33 112 82 85 62 26 27 100 55 74 75 76 77 4 1 2 31 32 45 102 58 57 105 63 25 41 60 91 67 88 65 96 97 98 99 8 5 46 47 48 49 29 110 81 80 39 117 10 40 24 89 66 87 111 64 114 108 14 15 68 69 70 71 44 119 56 116 18 59 109 30 93 106 79 90 38 23 92 118 103 83 115 101
35 53 21 74 75 34 88 65 96 51 52 107 66 87 111 97 7 50 73 104 30 93 106 79 90 22 13 3 72 17 84 78 19 18 112 71 115 101 56 110 36 6 94 95 28 9 100 55 31 11 29 45 113 92 105 70 119 102 54 37 12 86 61 42 43 16 60 91 67 46 47 0 44 33 27 83 117 85 48 118 98 76 77 4 20 82 62 26 41 24 89 68 1 2 63 64 103 116 114 57 69 59 99 8 32 58 25 49 39 14 108 109 5 10 80 40 15 81 23 38
36 54 37 76 77 4 97 98 99 8 1 22 96 64 114 108 14 15 3 13 111 86 44 43 117 38 23 24 25 6 7 21 79 90 82 94 63 62 28 116 55 39 40 26 11 12 34 35 101 56 110 102 58 113 10 42 106 103 67 78 57 59 2 0 19 20 51 52 53 75 115 70 119 81 33 112 18 5 61 87 109 89 46 100 80 83 31 32 50 73 74 105 91 48 47 118 45 29 30 9 85 93 66 60 95 92 49 72 17 84 88 65 69 68 16 71 41 27 104 107
37 4 36 8 1 54 14 15 3 76 77 23 24 25 6 7 97 98 99 38 39 40 26 11 12 13 22 96 64 114 108 55 56 57 58 59 2 0 19 20 21 111 86 44 43 117 67 78 70 79 80 81 82 83 5 31 32 33 34 35 90 94 63 62 28 116 89 46 100 91 48 101 95 102 103 92 9 10 47 49 50 51 52 53 110 113 42 106 109 66 60 69 75 115 61 72 27 16 17 18 68 71 73 74 119 112 87 118 30 88 84 41 105 85 29 93 65 45 107 104
38 55 23 67 78 37 89 46 100 4 36 108 109 66 60 91 8 1 54 99 118 30 88 84 41 24 14 15 3 76 77 114 59 119 19 18 107 104 73 49 39 25 6 7 97 98 43 117 83 40 47 31 11 29 35 17 71 32 56 57 26 12 13 22 96 64 62 28 116 103 92 58 68 0 44 45 53 21 9 93 48 70 79 80 2 20 111 86 63 42 106 27 81 82 90 69 65 74 75 34 16 112 101 95 5 33 94 10 52 61 115 87 102 110 51 113 72 50 85 105
39 56 57 70 79 80 91 48 101 95 81 24 100 69 75 115 61 72 15 14 60 12 68 96 53 105 85 42 94 25 8 23 84 41 20 6 90 111 97 74 117 52 113 86 40 26 37 38 104 73 49 32 33 11 110 22 88 65 116 114 34 112 82 58 59 2 4 36 55 78 107 17 71 50 0 19 119 102 13 66 87 106 103 43 51 45 83 5 1 54 67 35 28 9 92 93 31 47 118 98 21 30 109 62 7 29 10 3 76 77 89 46 16 27 64 18 63 44 99 108
40 58 59 81 82 83 15 80 102 103 92 25 8 95 98 110 109 116 27 26 14 61 72 64 76 119 118 89 106 41 16 2 23 24 85 42 94 86 44 97 47 108 115 87 49 60 5 0 37 38 39 57 105 52 113 63 22 96 68 31 99 101 93 71 32 84 9 10 1 4 36 55 56 117 73 34 33 112 62 13 111 90 69 46 114 75 48 104 17 18 3 54 67 78 70 79 51 50 20 45 77 21 12 66 43 53 107 28 29 30 6 7 100 91 65 35 88 74 19 11
41 49 60 71 32 84 92 93 48 104 73 27 83 112 69 70 78 107 17 16 103 45 113 12 68 91 100 55 35 28 9 26 109 116 65 29 33 20 6 90 24 67 53 21 42 43 2 25 118 89 106 87 74 44 50 11 110 111 39 14 46 75 34 52 61 62 5 0 40 59 119 108 115 88 63 64 72 51 19 102 79 56 57 23 66 96 85 77 10 1 58 47 38 99 105 101 86 94 95 7 31 98 80 37 30 97 54 18 3 4 81 82 114 117 13 76 36 22 8 15
42 52 61 73 34 85 17 84 51 57 105 28 9 104 7 50 80 39 117 43 16 78 107 13 3 72 95 81 56 116 114 62 26 27 100 55 35 21 22 6 94 15 70 79 106 103 77 63 2 25 41 60 91 67 53 36 11 12 113 86 8 48 101 115 87 109 99 54 10 5 0 40 49 24 89 46 74 75 37 19 20 33 112 82 14 69 93 118 108 76 18 1 58 59 71 32 66 88 65 96 4 31 45 102 23 68 119 38 97 98 29 30 83 92 111 47 110 90 64 44
43 62 28 77 63 42 99 54 10 52 61 114 108 76 18 5 73 34 85 117 38 97 98 29 30 9 17 84 51 57 105 116 55 23 22 96 64 44 45 19 16 104 7 50 80 39 106 103 67 78 37 36 13 111 86 65 31 11 26 27 107 3 72 95 81 56 115 87 109 89 46 100 4 21 79 90 82 94 74 47 0 2 25 41 35 6 15 70 101 93 118 66 60 91 8 1 110 102 58 113 88 68 40 49 53 12 48 75 112 71 59 119 24 14 33 69 32 20 92 83
44 63 64 10 62 86 18 5 77 82 94 29 30 9 99 54 102 58 113 45 19 16 17 114 108 76 98 110 81 33 112 65 31 11 26 27 28 43 117 38 97 119 15 80 50 20 87 74 46 47 0 2 25 41 42 116 55 23 22 96 118 8 95 72 51 32 93 106 88 66 67 68 1 40 49 60 52 61 103 78 37 36 13 111 59 14 7 48 71 115 107 89 90 69 3 4 84 73 34 85 109 100 21 79 83 24 70 92 105 101 35 104 12 6 57 91 56 39 75 53
45 65 29 87 74 44 93 106 88 63 64 112 71 115 107 66 10 62 86 113 92 105 101 35 104 30 18 5 77 82 94 33 27 83 117 85 75 53 21 78 19 9 99 54 102 58 50 20 41 16 103 116 114 57 96 34 100 55 31 11 17 108 76 98 110 81 72 51 32 49 60 26 109 43 80 39 111 97 52 91 67 46 47 0 28 38 119 15 95 7 48 84 2 25 118 89 56 79 90 22 73 24 68 1 42 23 8 61 13 3 69 70 40 59 36 14 4 37 6 12
46 66 67 30 88 89 19 18 107 108 109 31 11 29 35 104 38 99 118 47 0 44 45 53 21 78 55 23 114 59 119 68 1 2 63 64 65 74 75 34 100 37 43 117 83 40 90 69 3 4 5 10 62 86 87 96 51 52 60 91 36 28 116 103 92 58 110 111 12 6 7 8 9 77 82 94 93 106 97 50 73 84 41 24 54 42 27 81 102 79 20 13 14 15 16 17 113 112 71 115 22 72 49 39 76 61 80 98 101 56 32 33 25 26 105 95 57 85 70 48
47 68 31 90 69 46 110 111 12 66 67 119 102 79 20 6 30 88 89 118 98 101 56 32 33 11 19 18 107 108 109 59 64 76 75 115 70 48 49 50 0 29 35 104 38 99 83 40 86 44 97 96 53 105 91 71 72 51 1 2 45 21 78 55 23 114 103 92 58 82 94 63 22 74 117 85 24 100 93 95 7 3 4 5 65 34 37 43 116 27 81 113 10 62 36 13 57 39 14 60 112 61 8 9 87 52 28 106 41 16 15 80 77 54 84 42 17 73 26 25
48 69 70 12 68 91 20 6 90 24 100 32 33 11 110 111 39 14 60 49 50 0 19 119 102 79 56 57 23 84 41 71 72 51 1 2 31 47 118 98 101 80 37 38 104 73 92 93 94 95 7 3 4 5 46 59 64 76 75 115 81 36 55 78 107 17 27 83 112 113 86 61 13 8 9 10 66 67 40 44 97 96 53 105 15 54 35 28 16 103 45 82 85 42 21 22 18 30 88 89 58 63 74 117 25 77 43 26 109 116 65 29 52 34 108 62 114 99 106 87
49 71 32 92 93 48 27 83 112 69 70 41 16 103 45 113 12 68 91 60 26 109 116 65 29 33 20 6 90 24 100 84 2 25 118 89 106 87 74 44 50 11 110 111 39 14 104 73 5 0 40 59 119 108 115 88 63 64 72 51 19 102 79 56 57 23 78 107 17 9 10 1 58 47 38 99 105 101 66 62 86 94 95 7 31 98 80 37 55 35 28 18 3 4 81 82 114 117 85 75 30 77 61 13 46 76 36 67 53 21 42 43 8 15 96 54 22 97 34 52
50 72 51 94 95 7 113 86 61 13 3 33 112 82 85 42 21 22 6 20 45 102 58 57 105 52 34 35 36 11 12 32 65 29 98 110 81 80 39 117 73 53 54 37 0 19 48 49 87 74 44 64 76 119 15 56 116 114 17 84 75 77 4 1 2 31 69 70 71 93 106 88 63 97 47 118 25 8 79 103 43 28 9 104 96 99 5 46 68 91 92 115 107 66 10 62 59 40 26 14 101 109 16 78 111 108 67 90 24 100 27 83 30 18 23 89 55 38 60 41
51 7 50 13 3 72 21 22 6 94 95 34 35 36 11 12 113 86 61 52 53 54 37 0 19 20 33 112 82 85 42 73 74 75 76 77 4 1 2 31 32 45 102 58 57 105 17 84 88 65 96 97 98 99 8 5 46 47 48 49 29 110 81 80 39 117 28 9 104 107 66 87 111 64 114 108 14 15 10 67 68 69 70 71 44 119 56 116 43 16 78 30 93 106 79 90 38 23 24 25 18 89 91 92 63 118 103 62 26 27 100 55 115 101 40 109 83 59 41 60
52 73 34 17 84 51 28 9 104 7 50 42 43 16 78 107 13 3 72 61 62 26 27 100 55 35 21 22 6 94 95 85 77 63 2 25 41 60 91 67 53 36 11 12 113 86 57 105 99 54 10 5 0 40 49 24 89 46 74 75 37 19 20 33 112 82 80 39 117 114 108 76 18 1 58 59 71 32 14 109 66 88 65 96 4 31 45 102 81 56 116 38 97 98 29 30 83 92 93 48 23 118 87 111 8 47 110 15 70 79 106 103 64 44 69 119 90 68 101 115
53 74 75 88 65 96 107 66 87 111 97 35 104 30 93 106 79 90 22 21 78 19 18 112 71 115 101 56 110 36 13 34 100 55 31 11 29 45 113 92 105 70 119 102 54 37 51 52 60 91 67 46 47 0 44 33 27 83 117 85 48 118 98 76 77 4 7 50 73 84 41 24 89 68 1 2 63 64 20 16 103 116 114 57 69 59 99 8 3 72 17 49 39 14 108 109 5 10 62 86 32 26 43 80 12 40 15 6 94 95 28 9 23 38 82 25 81 58 61 42
54 76 77 97 98 99 22 96 64 114 108 36 13 111 86 44 43 117 38 37 21 79 90 82 94 63 62 28 116 55 23 4 34 35 101 56 110 102 58 113 10 42 106 103 67 78 8 1 51 52 53 75 115 70 119 81 33 112 18 5 61 87 109 89 46 100 14 15 3 7 50 73 74 105 91 48 47 118 80 20 45 29 30 9 85 93 66 60 24 25 6 72 17 84 88 65 69 68 31 59 95 32 19 16 57 71 41 39 40 26 11 12 104 107 83 49 27 92 2 0
55 67 78 89 46 100 108 109 66 60 91 38 99 118 30 88 84 41 24 23 114 59 119 19 18 107 104 73 49 39 14 37 43 117 83 40 47 31 11 29 35 17 71 32 56 57 4 36 62 28 116 103 92 58 68 0 44 45 53 21 9 93 48 70 79 80 8 1 54 77 63 42 106 27 81 82 90 69 2 64 65 74 75 34 16 112 101 95 15 3 76 10 52 61 115 87 102 110 111 12 5 86 96 51 26 113 72 25 6 7 97 98 85 105 20 94 50 33 13 22
56 70 79 91 48 101 24 100 69 75 115 39 14 60 12 68 96 53 105 57 23 84 41 20 6 90 111 97 74 117 85 80 37 38 104 73 49 32 33 11 110 22 88 65 116 114 95 81 4 36 55 78 107 17 71 50 0 19 119 102 13 66 87 106 103 43 61 72 15 8 1 54 67 35 28 9 92 93 51 2 31 47 118 98 21 30 109 62 42 94 25 3 76 77 89 46 16 27 83 112 7 5 59 64 34 18 63 52 113 86 40 26 99 108 45 10 44 29 82 58
57 80 39 95 81 56 61 72 15 70 79 85 42 94 25 8 91 48 101 105 52 113 86 40 26 14 24 100 69 75 115 117 73 34 33 112 82 58 59 2 23 60 12 68 96 53 116 114 17 84 51 50 20 45 102 83 5 0 37 38 41 6 90 111 97 74 106 103 43 28 9 104 7 32 65 29 98 110 92 10 1 4 36 55 49 11 22 88 87 109 62 16 78 107 13 3 44 64 76 119 27 18 54 67 71 19 66 93 118 89 77 63 35 21 47 30 46 31 108 99
58 81 82 15 80 102 25 8 95 98 110 40 26 14 61 72 64 76 119 59 2 23 24 85 42 94 86 44 97 47 118 83 5 0 37 38 39 57 105 52 113 63 22 96 68 31 103 92 9 10 1 4 36 55 56 117 73 34 33 112 62 13 111 90 69 46 109 116 27 16 17 18 3 54 67 78 70 79 114 84 51 50 20 45 77 21 12 66 89 106 41 28 29 30 6 7 100 91 48 101 43 104 32 65 99 35 88 108 115 87 49 60 19 11 75 107 74 53 93 71
59 83 40 103 92 58 109 116 27 81 82 118 89 106 41 16 15 80 102 119 108 115 87 49 60 26 25 8 95 98 110 47 38 99 105 101 93 71 32 84 2 14 61 72 64 76 68 31 55 23 114 117 85 75 112 48 104 73 5 0 24 42 94 86 44 97 90 69 46 67 78 37 43 57 96 53 45 113 70 107 17 9 10 1 39 52 63 22 111 12 66 100 4 36 62 28 74 65 29 33 91 35 18 3 56 34 13 79 20 6 30 88 54 77 50 21 7 51 11 19
60 84 41 104 73 49 78 107 17 71 32 100 55 35 28 9 92 93 48 91 67 53 21 42 43 16 27 83 112 69 70 24 89 46 74 75 34 52 61 62 26 103 45 113 12 68 39 14 108 109 66 88 65 96 51 85 77 63 2 25 116 29 33 20 6 90 56 57 23 38 99 118 30 87 111 97 7 50 105 54 10 5 0 40 106 44 11 110 79 80 37 114 59 119 19 18 22 13 3 72 117 76 1 58 115 64 102 101 95 81 4 36 47 31 94 98 82 86 15 8
61 85 42 57 105 52 80 39 117 73 34 95 81 56 116 114 17 84 51 72 15 70 79 106 103 43 28 9 104 7 50 94 25 8 91 48 101 115 87 109 62 16 78 107 13 3 113 86 40 26 14 24 100 69 75 93 118 89 77 63 27 55 35 21 22 6 33 112 82 58 59 2 23 60 12 68 96 53 71 119 108 99 54 10 41 67 36 11 20 45 102 83 5 0 37 38 90 111 97 74 92 47 76 18 49 46 19 32 65 29 98 110 1 4 88 31 30 66 44 64
62 77 63 99 54 10 114 108 76 18 5 43 117 38 97 98 29 30 9 28 116 55 23 22 96 64 44 45 19 16 17 42 106 103 67 78 37 36 13 111 86 65 31 11 26 27 52 61 115 87 109 89 46 100 4 21 79 90 82 94 74 47 0 2 25 41 73 34 85 105 101 93 118 66 60 91 8 1 35 56 110 102 58 113 88 68 40 49 84 51 57 75 112 71 59 119 24 14 15 3 53 70 81 33 107 69 32 104 7 50 80 39 92 83 6 48 20 12 72 95
63 10 62 18 5 77 29 30 9 99 54 44 45 19 16 17 114 108 76 64 65 31 11 26 27 28 43 117 38 97 98 86 87 74 46 47 0 2 25 41 42 116 55 23 22 96 82 94 93 106 88 66 67 68 1 40 49 60 52 61 103 78 37 36 13 111 102 58 113 112 71 115 107 89 90 69 3 4 59 32 84 73 34 85 109 100 21 79 110 81 33 92 105 101 35 104 12 6 7 8 83 48 51 57 118 91 56 119 15 80 50 20 75 53 14 70 39 24 95 72
64 86 44 82 94 63 102 58 113 10 62 98 110 81 33 112 18 5 77 76 119 15 80 50 20 45 29 30 9 99 54 97 47 118 25 8 95 72 51 32 65 19 16 17 114 108 22 96 68 31 59 40 26 14 61 7 48 49 87 74 11 27 28 43 117 38 36 13 111 90 69 46 83 2 23 24 85 42 3 70 71 93 106 88 0 41 116 55 37 21 79 12 66 67 103 92 39 57 105 52 6 91 115 107 1 60 78 4 34 35 101 56 89 109 73 100 104 84 53 75
65 87 74 93 106 88 112 71 115 107 66 45 113 92 105 101 35 104 30 29 33 27 83 117 85 75 53 21 78 19 18 44 50 20 41 16 103 116 114 57 96 34 100 55 31 11 63 64 72 51 32 49 60 26 109 43 80 39 111 97 52 91 67 46 47 0 10 62 86 94 95 7 48 84 2 25 118 89 28 81 56 79 90 22 73 24 68 1 5 77 82 61 13 3 69 70 40 59 119 108 42 15 110 36 17 14 4 9 99 54 102 58 6 12 38 8 37 23 76 98
66 30 88 19 18 107 31 11 29 35 104 46 47 0 44 45 53 21 78 67 68 1 2 63 64 65 74 75 34 100 55 89 90 69 3 4 5 10 62 86 87 96 51 52 60 91 108 109 110 111 12 6 7 8 9 77 82 94 93 106 97 50 73 84 41 24 38 99 118 119 102 79 20 13 14 15 16 17 54 58 113 112 71 115 22 72 49 39 23 114 59 98 101 56 32 33 25 26 27 28 76 81 92 105 36 95 57 37 43 117 83 40 70 48 42 80 85 61 116 103
67 89 46 108 109 66 38 99 118 30 88 55 23 114 59 119 19 18 107 78 37 43 117 83 40 47 31 11 29 35 104 100 4 36 62 28 116 103 92 58 68 0 44 45 53 21 60 91 8 1 54 77 63 42 106 27 81 82 90 69 2 64 65 74 75 34 84 41 24 14 15 3 76 10 52 61 115 87 16 80 102 110 111 12 5 86 96 51 73 49 39 25 6 7 97 98 85 105 101 93 26 95 79 20 9 94 50 17 71 32 56 57 13 22 112 72 33 113 48 70
68 90 69 110 111 12 119 102 79 20 6 47 118 98 101 56 32 33 11 31 59 64 76 75 115 70 48 49 50 0 19 46 83 40 86 44 97 96 53 105 91 71 72 51 1 2 66 67 103 92 58 82 94 63 22 74 117 85 24 100 93 95 7 3 4 5 30 88 89 109 116 27 81 113 10 62 36 13 65 114 57 39 14 60 112 61 8 9 18 107 108 106 41 16 15 80 77 54 37 21 87 43 23 84 45 42 17 29 35 104 38 99 26 25 34 28 73 52 78 55
69 12 68 20 6 90 32 33 11 110 111 48 49 50 0 19 119 102 79 70 71 72 51 1 2 31 47 118 98 101 56 91 92 93 94 95 7 3 4 5 46 59 64 76 75 115 24 100 27 83 112 113 86 61 13 8 9 10 66 67 40 44 97 96 53 105 39 14 60 41 16 103 45 82 85 42 21 22 15 17 18 30 88 89 58 63 74 117 57 23 84 26 109 116 65 29 52 34 35 36 25 28 107 108 81 62 114 80 37 38 104 73 106 87 54 43 99 77 55 78
70 91 48 24 100 69 39 14 60 12 68 56 57 23 84 41 20 6 90 79 80 37 38 104 73 49 32 33 11 110 111 101 95 81 4 36 55 78 107 17 71 50 0 19 119 102 75 115 61 72 15 8 1 54 67 35 28 9 92 93 51 2 31 47 118 98 96 53 105 85 42 94 25 3 76 77 89 46 21 43 16 27 83 112 7 5 59 64 97 74 117 52 113 86 40 26 99 108 109 66 34 62 103 45 13 10 44 22 88 65 116 114 82 58 30 63 29 18 87 106
71 92 93 27 83 112 41 16 103 45 113 49 60 26 109 116 65 29 33 32 84 2 25 118 89 106 87 74 44 50 20 48 104 73 5 0 40 59 119 108 115 88 63 64 72 51 69 70 78 107 17 9 10 1 58 47 38 99 105 101 66 62 86 94 95 7 12 68 91 100 55 35 28 18 3 4 81 82 31 23 114 117 85 75 30 77 61 13 6 90 24 67 53 21 42 43 8 15 80 102 46 37 57 96 19 54 22 11 110 111 39 14 34 52 98 36 97 76 79 56
72 94 95 113 86 61 33 112 82 85 42 50 20 45 102 58 57 105 52 51 32 65 29 98 110 81 80 39 117 73 34 7 48 49 87 74 44 64 76 119 15 56 116 114 17 84 13 3 69 70 71 93 106 88 63 97 47 118 25 8 79 103 43 28 9 104 21 22 6 12 68 91 92 115 107 66 10 62 96 31 59 40 26 14 101 109 16 78 35 36 11 90 24 100 27 83 30 18 5 77 111 46 2 23 75 89 55 53 54 37 0 19 60 41 99 67 38 108 4 1
73 17 84 28 9 104 42 43 16 78 107 52 61 62 26 27 100 55 35 34 85 77 63 2 25 41 60 91 67 53 21 51 57 105 99 54 10 5 0 40 49 24 89 46 74 75 7 50 80 39 117 114 108 76 18 1 58 59 71 32 14 109 66 88 65 96 13 3 72 95 81 56 116 38 97 98 29 30 4 82 83 92 93 48 23 118 87 111 22 6 94 15 70 79 106 103 64 44 45 19 8 102 112 69 37 119 90 36 11 12 113 86 101 115 31 110 68 47 20 33
74 88 65 107 66 87 35 104 30 93 106 53 21 78 19 18 112 71 115 75 34 100 55 31 11 29 45 113 92 105 101 96 51 52 60 91 67 46 47 0 44 33 27 83 117 85 111 97 7 50 73 84 41 24 89 68 1 2 63 64 20 16 103 116 114 57 79 90 22 13 3 72 17 49 39 14 108 109 69 4 5 10 62 86 32 26 43 80 56 110 36 6 94 95 28 9 23 38 99 118 12 8 77 82 48 25 81 70 119 102 54 37 61 42 59 15 58 40 98 76
75 96 53 111 97 74 79 90 22 88 65 101 56 110 36 13 107 66 87 115 70 119 102 54 37 21 35 104 30 93 106 105 91 48 47 118 98 76 77 4 34 78 19 18 112 71 117 85 24 100 69 68 31 59 64 99 8 1 51 52 55 11 29 45 113 92 116 114 57 39 14 60 12 46 83 40 86 44 108 15 3 7 50 73 67 0 33 27 103 43 80 23 84 41 20 6 58 82 94 63 38 25 72 17 89 2 16 109 62 28 95 81 49 32 10 26 9 5 42 61
76 97 98 22 96 64 36 13 111 86 44 54 37 21 79 90 82 94 63 77 4 34 35 101 56 110 102 58 113 10 62 99 8 1 51 52 53 75 115 70 119 81 33 112 18 5 114 108 14 15 3 7 50 73 74 105 91 48 47 118 80 20 45 29 30 9 43 117 38 23 24 25 6 72 17 84 88 65 85 100 69 68 31 59 95 32 19 16 28 116 55 39 40 26 11 12 104 107 66 87 57 60 46 83 61 49 27 42 106 103 67 78 2 0 93 41 92 71 109 89
77 99 54 114 108 76 43 117 38 97 98 62 28 116 55 23 22 96 64 63 42 106 103 67 78 37 36 13 111 86 44 10 52 61 115 87 109 89 46 100 4 21 79 90 82 94 18 5 73 34 85 105 101 93 118 66 60 91 8 1 35 56 110 102 58 113 29 30 9 17 84 51 57 75 112 71 59 119 88 41 24 14 15 3 53 70 81 33 45 19 16 104 7 50 80 39 92 83 40 47 107 49 25 6 74 48 20 65 31 11 26 27 72 95 68 32 12 69 0 2
78 100 55 60 91 67 84 41 24 89 46 104 73 49 39 14 108 109 66 107 17 71 32 56 57 23 38 99 118 30 88 35 28 9 92 93 48 70 79 80 37 114 59 119 19 18 53 21 42 43 16 27 83 112 69 101 95 81 4 36 117 40 47 31 11 29 74 75 34 52 61 62 26 103 45 113 12 68 115 72 15 8 1 54 116 58 0 44 65 96 51 85 77 63 2 25 33 20 6 90 105 94 3 76 106 82 64 87 111 97 7 50 10 5 110 86 98 102 22 13
79 101 56 75 115 70 96 53 105 91 48 111 97 74 117 85 24 100 69 90 22 88 65 116 114 57 39 14 60 12 68 110 36 13 107 66 87 106 103 43 80 23 84 41 20 6 119 102 54 37 21 35 104 30 93 109 62 28 95 81 38 73 49 32 33 11 47 118 98 76 77 4 34 78 19 18 112 71 89 63 42 61 72 15 55 17 50 0 31 59 64 99 8 1 51 52 29 45 113 92 108 10 94 25 67 9 2 46 83 40 86 44 3 7 27 5 26 16 58 82
80 95 81 61 72 15 85 42 94 25 8 57 105 52 113 86 40 26 14 39 117 73 34 33 112 82 58 59 2 23 24 56 116 114 17 84 51 50 20 45 102 83 5 0 37 38 70 79 106 103 43 28 9 104 7 32 65 29 98 110 92 10 1 4 36 55 91 48 101 115 87 109 62 16 78 107 13 3 49 74 44 64 76 119 27 18 54 67 100 69 75 93 118 89 77 63 35 21 22 6 71 88 97 47 41 30 46 60 12 68 96 53 108 99 11 66 31 19 90 111
81 15 80 25 8 95 40 26 14 61 72 58 59 2 23 24 85 42 94 82 83 5 0 37 38 39 57 105 52 113 86 102 103 92 9 10 1 4 36 55 56 117 73 34 33 112 98 110 109 116 27 16 17 18 3 54 67 78 70 79 114 84 51 50 20 45 64 76 119 118 89 106 41 28 29 30 6 7 77 46 100 91 48 101 43 104 32 65 44 97 47 108 115 87 49 60 19 11 12 13 99 66 69 75 62 107 74 63 22 96 68 31 93 71 21 88 53 35 111 90
82 102 58 98 110 81 64 76 119 15 80 86 44 97 47 118 25 8 95 94 63 22 96 68 31 59 40 26 14 61 72 113 10 62 36 13 111 90 69 46 83 2 23 24 85 42 33 112 18 5 77 54 37 21 79 12 66 67 103 92 0 38 39 57 105 52 50 20 45 29 30 9 99 4 34 35 101 56 6 88 89 109 116 27 1 55 117 73 51 32 65 19 16 17 114 108 53 75 115 70 11 107 106 41 3 78 84 7 48 49 87 74 28 43 91 104 60 100 71 93
83 103 92 109 116 27 118 89 106 41 16 59 119 108 115 87 49 60 26 40 47 38 99 105 101 93 71 32 84 2 25 58 68 31 55 23 114 117 85 75 112 48 104 73 5 0 81 82 90 69 46 67 78 37 43 57 96 53 45 113 70 107 17 9 10 1 15 80 102 110 111 12 66 100 4 36 62 28 39 97 74 65 29 33 91 35 18 3 8 95 98 79 20 6 30 88 54 77 63 42 56 22 44 50 24 21 7 14 61 72 64 76 11 19 52 13 51 34 94 86
84 104 73 78 107 17 100 55 35 28 9 60 91 67 53 21 42 43 16 41 24 89 46 74 75 34 52 61 62 26 27 49 39 14 108 109 66 88 65 96 51 85 77 63 2 25 71 32 56 57 23 38 99 118 30 87 111 97 7 50 105 54 10 5 0 40 92 93 48 70 79 80 37 114 59 119 19 18 106 90 22 13 3 72 117 76 1 58 83 112 69 101 95 81 4 36 47 31 11 29 115 110 6 94 116 98 82 103 45 113 12 68 15 8 44 102 86 64 33 20
85 57 105 80 39 117 95 81 56 116 114 61 72 15 70 79 106 103 43 42 94 25 8 91 48 101 115 87 109 62 28 52 113 86 40 26 14 24 100 69 75 93 118 89 77 63 73 34 33 112 82 58 59 2 23 60 12 68 96 53 71 119 108 99 54 10 17 84 51 50 20 45 102 83 5 0 37 38 41 6 90 111 97 74 92 47 76 18 9 104 7 32 65 29 98 110 1 4 36 55 49 11 22 88 27 31 30 16 78 107 13 3 44 64 67 19 66 46 35 21
86 82 94 102 58 113 98 110 81 33 112 64 76 119 15 80 50 20 45 44 97 47 118 25 8 95 72 51 32 65 29 63 22 96 68 31 59 40 26 14 61 7 48 49 87 74 10 62 36 13 111 90 69 46 83 2 23 24 85 42 3 70 71 93 106 88 18 5 77 54 37 21 79 12 66 67 103 92 0 38 39 57 105 52 6 91 115 107 30 9 99 4 34 35 101 56 89 109 116 27 1 55 117 73 11 100 104 19 16 17 114 108 53 75 41 78 84 60 28 43
87 93 106 112 71 115 45 113 92 105 101 65 29 33 27 83 117 85 75 74 44 50 20 41 16 103 116 114 57 96 53 88 63 64 72 51 32 49 60 26 109 43 80 39 111 97 107 66 10 62 86 94 95 7 48 84 2 25 118 89 28 81 56 79 90 22 35 104 30 18 5 77 82 61 13 3 69 70 73 0 40 59 119 108 42 15 110 36 21 78 19 9 99 54 102 58 6 12 68 91 17 1 47 38 52 8 37 34 100 55 31 11 76 98 24 4 23 14 67 46
88 107 66 35 104 30 53 21 78 19 18 74 75 34 100 55 31 11 29 65 96 51 52 60 91 67 46 47 0 44 45 87 111 97 7 50 73 84 41 24 89 68 1 2 63 64 93 106 79 90 22 13 3 72 17 49 39 14 108 109 69 4 5 10 62 86 112 71 115 101 56 110 36 6 94 95 28 9 32 57 23 38 99 118 12 8 77 82 113 92 105 70 119 102 54 37 61 42 43 16 48 80 114 59 20 15 58 33 27 83 117 85 98 76 26 81 40 25 103 116
89 108 109 38 99 118 55 23 114 59 119 67 78 37 43 117 83 40 47 46 100 4 36 62 28 116 103 92 58 68 31 66 60 91 8 1 54 77 63 42 106 27 81 82 90 69 30 88 84 41 24 14 15 3 76 10 52 61 115 87 16 80 102 110 111 12 19 18 107 104 73 49 39 25 6 7 97 98 5 34 85 105 101 93 26 95 79 20 11 29 35 17 71 32 56 57 13 22 96 64 9 51 75 112 2 72 33 0 44 45 53 21 48 70 86 50 113 94 65 74
90 110 111 119 102 79 47 118 98 101 56 68 31 59 64 76 75 115 70 69 46 83 40 86 44 97 96 53 105 91 48 12 66 67 103 92 58 82 94 63 22 74 117 85 24 100 20 6 30 88 89 109 116 27 81 113 10 62 36 13 65 114 57 39 14 60 32 33 11 19 18 107 108 106 41 16 15 80 112 5 77 54 37 21 87 43 23 84 49 50 0 29 35 104 38 99 26 25 8 95 45 9 4 34 93 28 73 71 72 51 1 2 78 55 61 17 52 42 7 3
91 24 100 39 14 60 56 57 23 84 41 70 79 80 37 38 104 73 49 48 101 95 81 4 36 55 78 107 17 71 32 69 75 115 61 72 15 8 1 54 67 35 28 9 92 93 12 68 96 53 105 85 42 94 25 3 76 77 89 46 21 43 16 27 83 112 20 6 90 111 97 74 117 52 113 86 40 26 7 98 99 108 109 66 34 62 103 45 33 11 110 22 88 65 116 114 82 58 59 2 13 64 118 30 51 63 29 50 0 19 119 102 87 106 5 44 18 10 31 47
92 27 83 41 16 103 49 60 26 109 116 71 32 84 2 25 118 89 106 93 48 104 73 5 0 40 59 119 108 115 87 112 69 70 78 107 17 9 10 1 58 47 38 99 105 101 45 113 12 68 91 100 55 35 28 18 3 4 81 82 31 23 114 117 85 75 65 29 33 20 6 90 24 67 53 21 42 43 30 7 8 15 80 102 46 37 57 96 74 44 50 11 110 111 39 14 34 52 61 62 19 13 95 98 66 36 97 88 63 64 72 51 79 56 77 22 76 54 86 94
93 112 71 45 113 92 65 29 33 27 83 87 74 44 50 20 41 16 103 106 88 63 64 72 51 32 49 60 26 109 116 115 107 66 10 62 86 94 95 7 48 84 2 25 118 89 105 101 35 104 30 18 5 77 82 61 13 3 69 70 73 0 40 59 119 108 117 85 75 53 21 78 19 9 99 54 102 58 42 22 6 12 68 91 17 1 47 38 114 57 96 34 100 55 31 11 76 98 110 81 52 36 90 24 28 4 23 43 80 39 111 97 67 46 15 37 14 8 56 79
94 113 86 33 112 82 50 20 45 102 58 72 51 32 65 29 98 110 81 95 7 48 49 87 74 44 64 76 119 15 80 61 13 3 69 70 71 93 106 88 63 97 47 118 25 8 85 42 21 22 6 12 68 91 92 115 107 66 10 62 96 31 59 40 26 14 57 105 52 34 35 36 11 90 24 100 27 83 101 104 30 18 5 77 111 46 2 23 39 117 73 53 54 37 0 19 60 41 16 103 75 78 9 99 79 67 38 56 116 114 17 84 4 1 109 55 108 89 43 28
95 61 72 85 42 94 57 105 52 113 86 80 39 117 73 34 33 112 82 81 56 116 114 17 84 51 50 20 45 102 58 15 70 79 106 103 43 28 9 104 7 32 65 29 98 110 25 8 91 48 101 115 87 109 62 16 78 107 13 3 49 74 44 64 76 119 40 26 14 24 100 69 75 93 118 89 77 63 27 55 35 21 22 6 71 88 97 47 59 2 23 60 12 68 96 53 108 99 54 10 41 67 36 11 92 66 31 83 5 0 37 38 90 111 18 46 19 30 1 4
96 111 97 79 90 22 101 56 110 36 13 75 115 70 119 102 54 37 21 53 105 91 48 47 118 98 76 77 4 34 35 74 117 85 24 100 69 68 31 59 64 99 8 1 51 52 88 65 116 114 57 39 14 60 12 46 83 40 86 44 108 15 3 7 50 73 107 66 87 106 103 43 80 23 84 41 20 6 67 92 58 82 94 63 38 25 72 17 104 30 93 109 62 28 95 81 49 32 33 11 89 27 113 10 55 26 9 78 19 18 112 71 42 61 0 16 5 2 29 45
97 22 96 36 13 111 54 37 21 79 90 76 77 4 34 35 101 56 110 98 99 8 1 51 52 53 75 115 70 119 102 64 114 108 14 15 3 7 50 73 74 105 91 48 47 118 86 44 43 117 38 23 24 25 6 72 17 84 88 65 85 100 69 68 31 59 82 94 63 62 28 116 55 39 40 26 11 12 95 9 104 107 66 87 57 60 46 83 58 113 10 42 106 103 67 78 2 0 19 20 61 16 30 93 80 41 92 81 33 112 18 5 109 89 32 27 71 49 45 29
98 64 76 86 44 97 82 94 63 22 96 102 58 113 10 62 36 13 111 110 81 33 112 18 5 77 54 37 21 79 90 119 15 80 50 20 45 29 30 9 99 4 34 35 101 56 47 118 25 8 95 72 51 32 65 19 16 17 114 108 1 52 53 75 115 70 68 31 59 40 26 14 61 7 48 49 87 74 11 27 28 43 117 38 3 73 105 91 69 46 83 2 23 24 85 42 71 93 106 88 0 41 116 55 6 84 100 12 66 67 103 92 39 57 107 60 78 104 89 109
99 114 108 43 117 38 62 28 116 55 23 77 63 42 106 103 67 78 37 54 10 52 61 115 87 109 89 46 100 4 36 76 18 5 73 34 85 105 101 93 118 66 60 91 8 1 97 98 29 30 9 17 84 51 57 75 112 71 59 119 88 41 24 14 15 3 22 96 64 44 45 19 16 104 7 50 80 39 53 113 92 83 40 47 107 49 25 6 13 111 86 65 31 11 26 27 72 95 81 56 74 33 58 68 35 32 12 21 79 90 82 94 0 2 70 20 69 48 110 102
100 60 91 84 41 24 104 73 49 39 14 78 107 17 71 32 56 57 23 55 35 28 9 92 93 48 70 79 80 37 38 67 53 21 42 43 16 27 83 112 69 101 95 81 4 36 89 46 74 75 34 52 61 62 26 103 45 113 12 68 115 72 15 8 1 54 108 109 66 88 65 96 51 85 77 63 2 25 116 29 33 20 6 90 105 94 3 76 99 118 30 87 111 97 7 50 10 5 0 40 106 44 11 110 117 86 98 114 59 119 19 18 22 13 58 64 102 82 47 31
101 75 115 96 53 105 111 97 74 117 85 79 90 22 88 65 116 114 57 56 110 36 13 107 66 87 106 103 43 80 39 70 119 102 54 37 21 35 104 30 93 109 62 28 95 81 91 48 47 118 98 76 77 4 34 78 19 18 112 71 89 63 42 61 72 15 24 100 69 68 31 59 64 99 8 1 51 52 55 11 29 45 113 92 108 10 94 25 14 60 12 46 83 40 86 44 3 7 50 73 67 0 33 27 38 5 26 23 84 41 20 6 58 82 17 2 16 9 49 32
102 98 110 64 76 119 86 44 97 47 118 82 94 63 22 96 68 31 59 58 113 10 62 36 13 111 90 69 46 83 40 81 33 112 18 5 77 54 37 21 79 12 66 67 103 92 15 80 50 20 45 29 30 9 99 4 34 35 101 56 6 88 89 109 116 27 25 8 95 72 51 32 65 19 16 17 114 108 1 52 53 75 115 70 11 107 106 41 26 14 61 7 48 49 87 74 28 43 117 38 3 73 105 91 0 104 60 2 23 24 85 42 71 93 55 84 100 78 39 57
103 109 116 118 89 106 59 119 108 115 87 83 40 47 38 99 105 101 93 92 58 68 31 55 23 114 117 85 75 112 71 27 81 82 90 69 46 67 78 37 43 57 96 53 45 113 41 16 15 80 102 110 111 12 66 100 4 36 62 28 39 97 74 65 29 33 49 60 26 25 8 95 98 79 20 6 30 88 91 1 54 77 63 42 56 22 44 50 32 84 2 14 61 72 64 76 11 19 18 107 24 3 10 52 70 13 51 48 104 73 5 0 94 86 35 7 34 21 17 9
104 78 107 100 55 35 60 91 67 53 21 84 41 24 89 46 74 75 34 73 49 39 14 108 109 66 88 65 96 51 52 17 71 32 56 57 23 38 99 118 30 87 111 97 7 50 28 9 92 93 48 70 79 80 37 114 59 119 19 18 106 90 22 13 3 72 42 43 16 27 83 112 69 101 95 81 4 36 117 40 47 31 11 29 115 110 6 94 61 62 26 103 45 113 12 68 15 8 1 54 116 58 0 44 105 102 86 85 77 63 2 25 33 20 76 82 64 98 10 5
105 117 85 116 114 57 106 103 43 80 39 115 87 109 62 28 95 81 56 101 93 118 89 77 63 42 61 72 15 70 79 75 112 71 59 119 108 99 54 10 52 94 25 8 91 48 96 53 45 113 92 83 40 47 38 76 18 5 73 34 86 26 14 24 100 69 111 97 74 65 29 33 27 58 68 31 55 23 98 30 9 17 84 51 82 2 60 12 90 22 88 44 50 20 41 16 46 67 78 37 64 19 104 7 102 0 6 110 36 13 107 66 32 49 4 11 3 1 21 35
106 115 87 105 101 93 117 85 75 112 71 116 114 57 96 53 45 113 92 103 43 80 39 111 97 74 65 29 33 27 83 109 62 28 95 81 56 79 90 22 88 44 50 20 41 16 118 89 77 63 42 61 72 15 70 110 36 13 107 66 64 51 32 49 60 26 59 119 108 99 54 10 52 94 25 8 91 48 102 37 21 35 104 30 86 7 84 2 40 47 38 76 18 5 73 34 14 24 100 69 98 4 78 19 82 3 0 58 68 31 55 23 9 17 12 1 11 6 46 67
107 35 104 53 21 78 74 75 34 100 55 88 65 96 51 52 60 91 67 66 87 111 97 7 50 73 84 41 24 89 46 30 93 106 79 90 22 13 3 72 17 49 39 14 108 109 19 18 112 71 115 101 56 110 36 6 94 95 28 9 32 57 23 38 99 118 31 11 29 45 113 92 105 70 119 102 54 37 12 86 61 42 43 16 48 80 114 59 47 0 44 33 27 83 117 85 98 76 77 4 20 82 62 26 69 81 40 68 1 2 63 64 103 116 8 58 25 15 5 10
108 38 99 55 23 114 67 78 37 43 117 89 46 100 4 36 62 28 116 109 66 60 91 8 1 54 77 63 42 106 103 118 30 88 84 41 24 14 15 3 76 10 52 61 115 87 59 119 19 18 107 104 73 49 39 25 6 7 97 98 5 34 85 105 101 93 83 40 47 31 11 29 35 17 71 32 56 57 26 12 13 22 96 64 9 51 75 112 92 58 68 0 44 45 53 21 48 70 79 80 2 20 111 86 16 50 113 27 81 82 90 69 65 74 95 33 94 72 102 110
109 118 89 59 119 108 83 40 47 38 99 103 92 58 68 31 55 23 114 116 27 81 82 90 69 46 67 78 37 43 117 106 41 16 15 80 102 110 111 12 66 100 4 36 62 28 115 87 49 60 26 25 8 95 98 79 20 6 30 88 91 1 54 77 63 42 105 101 93 71 32 84 2 14 61 72 64 76 56 33 11 19 18 107 24 3 10 52 85 75 112 48 104 73 5 0 94 86 44 97 70 50 29 35 39 7 34 57 96 53 45 113 17 9 22 51 21 13 74 65
110 119 102 47 118 98 68 31 59 64 76 90 69 46 83 40 86 44 97 111 12 66 67 103 92 58 82 94 63 22 96 79 20 6 30 88 89 109 116 27 81 113 10 62 36 13 101 56 32 33 11 19 18 107 108 106 41 16 15 80 112 5 77 54 37 21 75 115 70 48 49 50 0 29 35 104 38 99 87 60 26 25 8 95 45 9 4 34 53 105 91 71 72 51 1 2 78 55 23 114 93 84 14 61 65 17 52 74 117 85 24 100 7 3 43 73 42 28 57 39
111 79 90 101 56 110 75 115 70 119 102 96 53 105 91 48 47 118 98 97 74 117 85 24 100 69 68 31 59 64 76 22 88 65 116 114 57 39 14 60 12 46 83 40 86 44 36 13 107 66 87 106 103 43 80 23 84 41 20 6 67 92 58 82 94 63 54 37 21 35 104 30 93 109 62 28 95 81 38 73 49 32 33 11 89 27 113 10 77 4 34 78 19 18 112 71 42 61 72 15 55 17 50 0 108 16 5 99 8 1 51 52 29 45 25 9 2 26 3 7
112 45 113 65 29 33 87 74 44 50 20 93 106 88 63 64 72 51 32 71 115 107 66 10 62 86 94 95 7 48 49 92 105 101 35 104 30 18 5 77 82 61 13 3 69 70 27 83 117 85 75 53 21 78 19 9 99 54 102 58 42 22 6 12 68 91 41 16 103 116 114 57 96 34 100 55 31 11 17 108 76 98 110 81 52 36 90 24 60 26 109 43 80 39 111 97 67 46 47 0 28 38 119 15 73 37 14 84 2 25 118 89 56 79 1 23 8 4 40 59
113 33 112 50 20 45 72 51 32 65 29 94 95 7 48 49 87 74 44 86 61 13 3 69 70 71 93 106 88 63 64 82 85 42 21 22 6 12 68 91 92 115 107 66 10 62 102 58 57 105 52 34 35 36 11 90 24 100 27 83 101 104 30 18 5 77 98 110 81 80 39 117 73 53 54 37 0 19 111 14 60 41 16 103 75 78 9 99 76 119 15 56 116 114 17 84 4 1 2 31 79 23 26 109 96 55 108 97 47 118 25 8 43 28 46 38 89 67 59 40
114 43 117 62 28 116 77 63 42 106 103 99 54 10 52 61 115 87 109 108 76 18 5 73 34 85 105 101 93 118 89 38 97 98 29 30 9 17 84 51 57 75 112 71 59 119 55 23 22 96 64 44 45 19 16 104 7 50 80 39 53 113 92 83 40 47 67 78 37 36 13 111 86 65 31 11 26 27 107 3 72 95 81 56 74 33 58 68 46 100 4 21 79 90 82 94 0 2 25 41 35 6 15 70 88 20 69 66 60 91 8 1 110 102 49 12 48 32 24 14
115 105 101 117 85 75 116 114 57 96 53 106 103 43 80 39 111 97 74 87 109 62 28 95 81 56 79 90 22 88 65 93 118 89 77 63 42 61 72 15 70 110 36 13 107 66 112 71 59 119 108 99 54 10 52 94 25 8 91 48 102 37 21 35 104 30 45 113 92 83 40 47 38 76 18 5 73 34 86 26 14 24 100 69 98 4 78 19 29 33 27 58 68 31 55 23 9 17 84 51 82 2 60 12 64 1 11 44 50 20 41 16 46 67 7 0 6 3 32 49
116 106 103 115 87 109 105 101 93 118 89 117 85 75 112 71 59 119 108 114 57 96 53 45 113 92 83 40 47 38 99 43 80 39 111 97 74 65 29 33 27 58 68 31 55 23 62 28 95 81 56 79 90 22 88 44 50 20 41 16 82 69 46 67 78 37 77 63 42 61 72 15 70 110 36 13 107 66 64 51 32 49 60 26 102 12 100 4 54 10 52 94 25 8 91 48 21 35 104 30 86 7 84 2 98 6 1 76 18 5 73 34 14 24 19 3 0 11 9 17
117 116 114 106 103 43 115 87 109 62 28 105 101 93 118 89 77 63 42 85 75 112 71 59 119 108 99 54 10 52 61 57 96 53 45 113 92 83 40 47 38 76 18 5 73 34 80 39 111 97 74 65 29 33 27 58 68 31 55 23 98 30 9 17 84 51 95 81 56 79 90 22 88 44 50 20 41 16 82 69 46 67 78 37 64 19 104 7 72 15 70 110 36 13 107 66 32 49 60 26 102 12 100 4 86 11 3 94 25 8 91 48 21 35 2 6 1 0 14 24
118 59 119 83 40 47 103 92 58 68 31 109 116 27 81 82 90 69 46 89 106 41 16 15 80 102 110 111 12 66 67 108 115 87 49 60 26 25 8 95 98 79 20 6 30 88 38 99 105 101 93 71 32 84 2 14 61 72 64 76 56 33 11 19 18 107 55 23 114 117 85 75 112 48 104 73 5 0 24 42 94 86 44 97 70 50 29 35 78 37 43 57 96 53 45 113 17 9 10 1 39 52 63 22 91 51 21 100 4 36 62 28 74 65 3 34 13 7 54 77
119 47 118 68 31 59 90 69 46 83 40 110 111 12 66 67 103 92 58 102 79 20 6 30 88 89 109 116 27 81 82 98 101 56 32 33 11 19 18 107 108 106 41 16 15 80 64 76 75 115 70 48 49 50 0 29 35 104 38 99 87 60 26 25 8 95 86 44 97 96 53 105 91 71 72 51 1 2 45 21 78 55 23 114 93 84 14 61 94 63 22 74 117 85 24 100 7 3 4 5 65 34 37 43 112 73 42 113 10 62 36 13 57 39 9 52 28 17 77 54
