24
0 1 2 3 4 5 6 7 8 9 10 11 12 13 14 15 16 17 18 19 20 21 22 23
1 3 4 0 7 8 9 2 13 14 15 10 16 5 6 11 19 20 17 12 18 23 21 22
2 5 6 10 11 9 12 17 7 18 14 16 0 21 22 13 23 19 1 8 15 20 3 4
3 0 7 1 2 13 14 4 5 6 11 15 19 8 9 10 12 18 20 16 17 22 23 21
4 8 9 15 10 14 16 20 2 17 6 19 1 23 21 5 22 12 3 13 11 18 0 7
5 10 11 2 17 7 18 6 21 22 13 14 23 9 12 16 8 15 19 0 1 4 20 3
6 9 12 14 16 18 0 19 17 1 22 23 2 20 3 21 4 8 5 7 13 15 10 11
7 13 14 11 15 6 19 18 4 20 9 12 3 22 23 8 21 16 0 5 10 17 1 2
8 15 10 4 20 2 17 9 23 21 5 6 22 14 16 19 13 11 12 1 3 7 18 0
9 14 16 6 19 17 1 12 20 3 21 22 4 18 0 23 7 13 8 2 5 11 15 10
10 2 17 5 6 21 22 11 9 12 16 13 8 7 18 14 0 1 15 23 19 3 4 20
11 7 18 13 14 22 23 15 6 19 12 8 5 4 20 9 3 0 10 21 16 1 2 17
12 18 0 22 23 1 2 8 19 5 3 4 6 15 10 20 11 7 9 17 21 13 14 16
13 11 15 7 18 4 20 14 22 23 8 9 21 6 19 12 5 10 16 3 0 2 17 1
14 6 19 9 12 20 3 16 18 0 23 21 7 17 1 22 2 5 13 4 8 10 11 15
15 4 20 8 9 23 21 10 14 16 19 5 13 2 17 6 1 3 11 22 12 0 7 18
16 17 1 21 22 3 4 13 12 8 0 7 9 11 15 18 10 2 14 20 23 5 6 19
17 21 22 16 13 12 8 1 11 15 18 0 10 3 4 7 20 23 2 9 14 19 5 6
18 22 23 12 8 19 5 0 15 10 20 3 11 1 2 4 17 21 7 6 9 16 13 14
19 20 3 23 21 0 7 5 16 13 1 2 14 10 11 17 15 4 6 18 22 8 9 12
20 23 21 19 5 16 13 3 10 11 17 1 15 0 7 2 18 22 4 14 6 12 8 9
21 16 13 17 1 11 15 22 3 4 7 18 20 12 8 0 9 14 23 10 2 6 19 5
22 12 8 18 0 15 10 23 1 2 4 20 17 19 5 3 6 9 21 11 7 14 16 13
23 19 5 20 3 10 11 21 0 7 2 17 18 16 13 1 14 6 22 15 4 9 12 8
