931
1801 30 0
182 37 0
189 38 0
368 43 0
375 44 0
748 56 0
840 59 0
283 41 0
103 35 0
833 58 0
561 50 0
469 47 0
554 49 0
926 61 0
716 55 0
709 54 0
30 933 0
24 747 0
22 685 0
15 468 0
21 654 0
933 2 0
1646 25 0
1181 10 0
17 530 0
1336 15 0
23 716 0
18 561 0
25 778 0
16 499 0
19 592 0
20 623 0
14 437 0
2 65 0
29 902 0
1615 24 0
1553 22 0
26 809 0
10 313 0
1305 14 0
11 344 0
12 375 0
13 406 0
9 282 0
995 4 0
1212 11 0
1522 21 0
1708 27 0
1398 17 0
1367 16 0
1429 18 0
1 34 0
27 840 0
127 36 0
220 39 0
251 40 0
778 57 0
871 60 0
34 33 0
406 45 0
313 42 0
499 48 0
592 51 0
623 52 0
437 46 0
28 871 0
1150 9 0
1770 29 0
1243 12 0
1274 13 0
1677 26 0
8 251 0
1491 20 0
654 53 0
1460 19 0
7 220 0
5 158 0
1584 23 0
4 127 0
6 189 0
1057 6 0
1088 7 0
1119 8 0
1026 5 0
1739 28 0
964 3 0
3 96 0
960 934 1
951 655 1
1802 92 1
955 779 1
944 438 1
959 903 1
954 748 1
939 283 1
950 624 1
945 469 1
1647 87 1
940 314 1
1337 77 1
947 531 1
949 593 1
932 66 1
942 376 1
943 407 1
934 64 1
956 810 1
948 562 1
1306 76 1
946 500 1
957 841 1
1182 72 1
1523 83 1
938 252 1
941 345 1
952 686 1
1213 73 1
953 717 1
1399 79 1
958 872 1
937 221 1
1151 71 1
1771 91 1
1368 78 1
936 190 1
1430 80 1
1244 74 1
1275 75 1
1678 88 1
1492 82 1
1058 68 1
1089 69 1
1120 70 1
1616 86 1
1554 84 1
1461 81 1
935 159 1
1709 89 1
1740 90 1
1027 67 1
1585 85 1
35 31 1
61 932 2
278 939 2
216 937 2
247 938 2
154 935 2
270 691 2
464 945 2
650 951 2
263 474 2
458 759 2
526 947 2
619 950 2
759 490 2
765 676 2
232 473 2
418 479 2
424 665 2
495 946 2
588 949 2
642 703 2
762 583 2
883 494 2
889 680 2
201 472 2
264 505 2
356 477 2
362 663 2
387 478 2
393 664 2
421 572 2
761 552 2
790 491 2
796 677 2
886 587 2
145 656 2
203 534 2
233 504 2
265 536 2
325 476 2
331 662 2
390 571 2
419 510 2
420 541 2
455 666 2
635 486 2
758 459 2
763 614 2
764 645 2
793 584 2
852 493 2
858 679 2
884 525 2
885 556 2
923 774 2
55 746 2
273 784 2
294 475 2
328 569 2
357 508 2
358 539 2
388 509 2
389 540 2
422 603 2
428 789 2
452 573 2
511 482 2
517 668 2
604 485 2
638 579 2
773 924 2
791 522 2
855 586 2
887 618 2
893 804 2
921 712 2
140 501 2
143 594 2
196 317 2
206 627 2
211 782 2
236 597 2
242 783 2
262 443 2
300 661 2
326 507 2
360 601 2
361 632 2
382 323 2
392 633 2
451 542 2
486 667 2
573 484 2
579 670 2
607 578 2
636 517 2
637 548 2
771 862 2
794 615 2
795 646 2
853 524 2
854 555 2
138 439 2
165 316 2
169 440 2
180 781 2
200 441 2
213 844 2
277 908 2
297 568 2
324 445 2
329 600 2
330 631 2
351 322 2
355 446 2
366 787 2
397 788 2
414 355 2
453 604 2
454 635 2
483 574 2
542 483 2
548 669 2
605 516 2
606 547 2
639 610 2
753 304 2
755 366 2
756 397 2
789 460 2
804 925 2
821 492 2
857 648 2
862 803 2
914 495 2
920 681 2
149 780 2
153 904 2
166 347 2
184 905 2
197 348 2
198 379 2
215 906 2
228 349 2
259 350 2
260 381 2
335 786 2
370 911 2
383 354 2
399 850 2
401 912 2
415 386 2
448 449 2
459 790 2
515 606 2
516 637 2
574 515 2
575 546 2
634 455 2
645 796 2
757 428 2
772 893 2
827 678 2
847 338 2
851 462 2
879 370 2
880 401 2
894 835 2
136 377 2
164 285 2
168 409 2
181 812 2
212 813 2
229 380 2
243 814 2
261 412 2
274 815 2
296 537 2
339 910 2
398 819 2
412 293 2
429 820 2
463 914 2
484 605 2
485 636 2
510 451 2
521 792 2
543 514 2
614 795 2
649 920 2
787 398 2
788 429 2
848 369 2
877 308 2
881 432 2
915 526 2
1815 588 2
916 557 2
133 284 2
137 408 2
183 874 2
195 286 2
230 411 2
276 877 2
298 599 2
323 414 2
350 291 2
367 818 2
381 292 2
431 882 2
443 294 2
445 356 2
446 387 2
479 450 2
525 916 2
547 638 2
568 329 2
572 453 2
583 794 2
631 362 2
632 393 2
784 305 2
803 894 2
849 400 2
863 834 2
918 619 2
919 650 2
152 873 2
245 876 2
299 630 2
319 290 2
338 879 2
369 880 2
447 418 2
460 821 2
1358 791 2
492 853 2
494 915 2
508 389 2
1425 948 2
537 328 2
541 452 2
552 793 2
585 856 2
587 918 2
600 361 2
601 392 2
633 424 2
646 827 2
822 523 2
823 554 2
846 307 2
909 340 2
913 464 2
924 805 2
1390 823 2
1824 867 2
462 883 2
474 295 2
476 357 2
477 388 2
505 296 2
509 420 2
556 917 2
569 360 2
570 391 2
598 299 2
602 423 2
615 826 2
648 889 2
752 273 2
825 616 2
928 929 2
1456 390 2
1407 358 2
1439 422 2
1811 402 2
293 444 2
478 419 2
491 822 2
1359 852 2
524 885 2
538 359 2
567 298 2
584 825 2
1452 855 2
617 888 2
826 647 2
910 371 2
163 254 2
493 884 2
536 297 2
540 421 2
553 824 2
1421 854 2
751 242 2
783 274 2
908 309 2
912 433 2
925 836 2
52 653 2
306 847 2
308 909 2
318 259 2
349 260 2
380 261 2
442 263 2
555 886 2
816 337 2
831 802 2
927 898 2
132 253 2
254 195 2
255 226 2
348 229 2
410 231 2
504 265 2
628 269 2
750 211 2
782 243 2
820 461 2
845 276 2
875 246 2
1256 198 2
131 222 2
223 194 2
291 382 2
292 413 2
317 228 2
378 199 2
409 200 2
473 264 2
781 212 2
874 215 2
316 197 2
441 232 2
503 234 2
566 267 2
627 238 2
835 926 2
843 214 2
288 289 2
305 816 2
1235 848 2
440 201 2
472 233 2
502 203 2
535 266 2
596 237 2
626 207 2
817 368 2
907 278 2
307 878 2
534 235 2
564 205 2
595 206 2
819 430 2
471 202 2
906 247 2
1822 743 2
1247 230 2
1805 216 2
743 954 2
815 306 2
51 622 2
681 952 2
1115 936 2
675 766 2
735 706 2
253 164 2
408 169 2
749 180 2
1658 521 2
1660 553 2
1722 585 2
1724 617 2
873 184 2
50 591 2
56 777 2
728 489 2
734 675 2
191 162 2
666 487 2
672 673 2
731 582 2
222 163 2
287 258 2
346 167 2
377 168 2
669 580 2
697 488 2
703 674 2
1323 634 2
1788 649 2
729 520 2
730 551 2
1288 549 2
1689 181 2
667 518 2
733 644 2
190 131 2
376 137 2
439 170 2
625 176 2
670 611 2
1755 613 2
671 642 2
1291 602 2
1259 570 2
1227 538 2
1195 506 2
698 519 2
1598 581 2
1320 262 2
1785 277 2
699 550 2
723 334 2
727 458 2
1161 442 2
1533 454 2
738 799 2
842 183 2
1224 166 2
45 436 2
159 130 2
286 227 2
594 175 2
665 456 2
1099 410 2
676 797 2
701 612 2
702 643 2
740 861 2
742 923 2
1176 907 2
1548 919 2
1146 953 2
1084 378 2
814 275 2
680 921 2
1114 875 2
1486 887 2
692 333 2
696 457 2
707 798 2
724 365 2
725 396 2
1160 427 2
663 394 2
711 922 2
722 303 2
739 830 2
1173 846 2
1545 858 2
813 244 2
1066 395 2
1111 828 2
1607 860 2
1641 892 2
345 136 2
563 174 2
660 301 2
664 425 2
1562 363 2
693 364 2
60 901 2
285 196 2
470 171 2
679 890 2
691 302 2
695 426 2
708 829 2
1328 851 2
1793 866 2
1142 845 2
1514 857 2
1576 859 2
1721 213 2
1712 245 2
532 173 2
710 891 2
904 185 2
721 272 2
659 270 2
903 154 2
1526 241 2
690 271 2
841 152 2
42 343 2
658 239 2
719 210 2
657 208 2
689 240 2
1308 209 2
44 405 2
1035 346 2
57 808 2
1048 811 2
1080 843 2
59 870 2
810 151 2
43 374 2
562 143 2
284 165 2
40 281 2
531 142 2
811 182 2
747 118 2
1648 149 2
36 157 2
718 179 2
39 250 2
1556 177 2
687 178 2
33 0 2
38 219 2
282 103 2
1183 134 2
37 188 2
1276 106 2
1096 100 2
158 99 2
344 105 2
275 102 2
258 319 2
252 133 2
902 123 2
430 107 2
413 324 2
407 138 2
895 122 2
878 339 2
872 153 2
717 148 2
647 114 2
630 331 2
624 145 2
809 120 2
1741 121 2
244 101 2
227 318 2
221 132 2
468 109 2
1343 326 2
523 110 2
506 327 2
500 141 2
686 147 2
1436 112 2
96 97 2
530 111 2
616 113 2
599 330 2
593 144 2
337 104 2
314 135 2
461 108 2
444 325 2
438 139 2
1157 117 2
685 116 2
678 115 2
661 332 2
655 146 2
774 955 2
309 940 2
433 944 2
768 769 2
303 754 2
402 943 2
805 956 2
340 941 2
425 696 2
867 958 2
890 711 2
239 690 2
271 722 2
427 758 2
766 707 2
892 773 2
1239 942 2
1704 957 2
456 697 2
520 761 2
613 764 2
170 471 2
176 657 2
204 565 2
207 658 2
238 659 2
266 567 2
457 728 2
489 760 2
611 702 2
643 734 2
365 756 2
767 738 2
799 770 2
898 959 2
142 563 2
172 533 2
202 503 2
234 535 2
487 698 2
519 730 2
551 762 2
1169 701 2
1654 335 2
54 715 2
174 595 2
268 629 2
488 729 2
549 700 2
581 732 2
1449 204 2
1433 236 2
1465 268 2
1497 300 2
1401 172 2
1369 140 2
1478 671 2
1750 463 2
301 692 2
334 755 2
363 694 2
830 771 2
144 625 2
175 626 2
1105 596 2
1236 849 2
1300 913 2
1350 511 2
1382 575 2
1410 481 2
785 336 2
1653 119 2
779 150 2
1254 447 2
1474 577 2
1538 641 2
1670 863 2
1730 801 2
179 750 2
241 752 2
1326 757 2
395 726 2
798 739 2
1386 699 2
1418 731 2
1450 763 2
134 315 2
1064 98 2
151 842 2
1250 321 2
1282 385 2
1762 865 2
1314 417 2
1734 927 2
302 723 2
333 724 2
828 709 2
860 741 2
1379 480 2
1539 672 2
1094 287 2
1190 383 2
1414 607 2
1794 897 2
148 749 2
177 688 2
1137 660 2
1170 753 2
1686 367 2
1133 566 2
1699 800 2
1204 785 2
209 720 2
1101 502 2
1315 448 2
1442 513 2
1446 639 2
1718 431 2
1268 881 2
1702 831 2
644 765 2
1200 693 2
1232 725 2
1324 695 2
1665 708 2
1789 742 2
1411 544 2
1795 928 2
1797 960 2
1030 223 2
1122 225 2
1154 257 2
1222 415 2
1506 609 2
147 718 2
1073 564 2
1413 576 2
1729 772 2
53 684 2
1155 288 2
1251 384 2
1507 608 2
1138 689 2
47 498 2
48 529 2
1697 740 2
41 312 2
1062 255 2
49 560 2
1078 751 2
1060 161 2
1069 470 2
1634 737 2
612 733 2
1219 320 2
1731 832 2
1574 767 2
1253 416 2
426 727 2
1009 532 2
1076 719 2
859 710 2
1091 224 2
1445 640 2
1041 628 2
1165 598 2
1763 896 2
1093 256 2
58 839 2
1635 768 2
240 721 2
1603 704 2
1014 687 2
1059 160 2
72 352 2
1188 353 2
87 817 2
128 129 2
770 895 2
88 833 2
450 543 2
997 128 2
130 191 2
1135 545 2
74 399 2
674 735 2
290 351 2
972 32 2
89 864 2
1070 512 2
704 705 2
320 1 2
160 193 2
66 192 2
1479 736 2
46 186 3
0 95 3
78 467 3
139 63 3
90 126 3
1293 62 3
86 713 4
991 930 4
92 931 4
81 558 4
984 683 4
73 372 4
83 620 4
85 682 4
76 435 4
91 900 4
80 559 4
979 528 4
82 589 4
208 466 4
973 310 4
988 775 4
71 280 4
967 93 4
68 155 4
70 217 4
1107 218 4
1231 373 4
1045 838 4
1139 94 4
1696 776 4
