76
24390
1653 23577 24390 682920
10464 14795 24390 26134 132385 145436 587104 600126 682920 706406
14795 24390 132385 587104 706406
24390 30651 677499
24390 34711 673439
24390 41086 316209 538281 545114
24390 45146 317021 537469 541054
24390 53822 678718 682920
24390 30651 55041 677499 682920 701889
24390 34711 59101 673439 682920 697829
24390 67220 665320 682920
24390 71280 661260 682920
24390 72498 660042 682920
24390 74928 196878 252603 333597 398943 479937 535662 657612 682920
24390 76672 631478
24390 82791 625359
24390 83603 624547
24390 93226 249830 492974 604660
24390 94038 244958 492162 609532
24390 76672 101062 631478 655868 682920
24390 82791 107181 625359 649749 682920
24390 83603 107993 624547 648937 682920
24390 119360 613180 682920
24390 120172 612368 682920
24390 94038 123008 240378 244958 487582 492162 609532 638502 682920
24390 124752 583398
24390 93226 127880 239566 249830 482710 492974 604660 639314 682920
24390 129624 578526
24390 124752 149142 583398 607788 682920
24390 129624 154014 578526 602916 682920
24390 183824 548716 682920
24390 184636 547904 682920
24390 41086 187426 194259 316209 416331 538281 545114 682920 691454
24390 45146 191486 195071 317021 415519 537469 541054 682920 687394
24390 196878 252603 333597 657612
24390 207313 525227 682920
24390 255393 477147 682920
24390 260265 472275 682920
24390 290075 418075
24390 290887 417263
24390 293381 414770 682920
24390 312869 418830 682920
24390 290075 314465 418075 442465 682920
24390 290887 315277 417263 441653 682920
24390 323162 384988
24390 323162 347552 384988 409378 682920
24390 359731 372809 682920
24390 682920
1653 10464 14795 23577 24390 26134 53822 72498 132385 145436 293381 312869 414770 418830 587104 600126 660042 678718 682920 706406
1653 10464 14795 23577 24390 26134 30651 34711 41086 45146 53822 55041 59101 67220 71280 72498 74928 76672 82791 83603 93226 94038 101062 107181 107993 119360 120172 123008 124752 127880 129624 132385 145436 149142 154014 183824 184636 187426 191486 194259 195071 196878 207313 239566 240378 244958 249830 252603 255393 260265 290075 290887 293381 312869 314465 315277 316209 317021 323162 333597 347552 359731 372809 384988 398943 409378 414770 415519 416331 417263 418075 418830 441653 442465 472275 477147 479937 482710 487582 492162 492974 525227 535662 537469 538281 541054 545114 547904 548716 578526 583398 587104 600126 602916 604660 607788 609532 612368 613180 624547 625359 631478 638502 639314 648937 649749 655868 657612 660042 661260 665320 673439 677499 678718 682920 687394 691454 697829 701889 706406
1653 23577 24390 67220 71280 74928 196878 252603 255393 260265 333597 398943 472275 477147 479937 535662 657612 661260 665320 682920
1653 23577 24390 76672 101062 119360 120172 612368 613180 631478 655868 682920
1653 23577 24390 82791 83603 107181 107993 207313 290075 290887 314465 315277 359731 372809 417263 418075 441653 442465 525227 624547 625359 648937 649749 682920
1653 23577 24390 183824 184636 323162 347552 384988 409378 547904 548716 682920
1653 23577 24390 207313 359731 372809 525227 682920
24390 30651 53822 55041 71280 76672 83603 101062 107993 129624 154014 184636 547904 578526 602916 624547 631478 648937 655868 661260 677499 678718 682920 701889
24390 30651 55041 72498 207313 255393 477147 525227 660042 677499 682920 701889
24390 30651 55041 119360 124752 149142 260265 290887 293381 315277 323162 347552 384988 409378 414770 417263 441653 472275 583398 607788 613180 677499 682920 701889
24390 34711 53822 59101 207313 260265 472275 525227 673439 678718 682920 697829
24390 34711 59101 67220 72498 76672 82791 101062 107181 124752 149142 183824 548716 583398 607788 625359 631478 649749 655868 660042 665320 673439 682920 697829
24390 34711 59101 120172 129624 154014 255393 290075 312869 314465 323162 347552 384988 409378 418075 418830 442465 477147 578526 602916 612368 673439 682920 697829
24390 41086 72498 120172 184636 187426 194259 260265 316209 359731 372809 416331 472275 538281 545114 547904 612368 660042 682920 691454
24390 45146 53822 119360 183824 191486 195071 255393 317021 359731 372809 415519 477147 537469 541054 548716 613180 678718 682920 687394
24390 53822 67220 120172 290887 315277 417263 441653 612368 665320 678718 682920
24390 53822 71280 184636 547904 661260 678718 682920
24390 67220 72498 183824 548716 660042 665320 682920
24390 67220 94038 119360 123008 184636 207313 240378 244958 312869 418830 487582 492162 525227 547904 609532 613180 638502 665320 682920
24390 67220 129624 154014 293381 359731 372809 414770 578526 602916 665320 682920
24390 71280 72498 119360 290075 314465 418075 442465 613180 660042 661260 682920
24390 71280 93226 120172 127880 183824 207313 239566 249830 293381 414770 482710 492974 525227 548716 604660 612368 639314 661260 682920
24390 71280 124752 149142 312869 359731 372809 418830 583398 607788 661260 682920
24390 82791 107181 184636 255393 293381 414770 477147 547904 625359 649749 682920
24390 83603 107993 183824 260265 312869 418830 472275 548716 624547 648937 682920
24390 119360 260265 293381 414770 472275 613180 682920
24390 120172 255393 312869 418830 477147 612368 682920
